[0:SIMPLE(XIN_XI)1:RL(IMPERIUS)]
490 490 
495 495 
540 540 
555 550 
565 650 
665 750 
671 1015 
771 1115 
1101 1130 
1251 1330 
1451 1530 
1651 1540 
1681 1900 
2006 1920 
2266 2120 
2466 2320 
3086 2520 
2466 3970 
2806 3960 
3191 3925 
3901 3945 
3946 3985 
3961 4135 
4531 4445 
4646 4750 
4796 5050 
4906 5130 
5391 5580 
5546 5645 
5731 5845 
5951 5910 
8046 5510 
8356 5810 
8896 5860 
9646 5940 
10056 6225 
10526 6585 
10896 6640 
11581 6640 
12151 7820 
12626 7985 
13361 7985 
13961 7960 
14501 7955 
15236 7965 
15781 7960 
16168 8090 
16973 8105 
18186 8085 
18707 8150 
18913 8145 
19674 8120 
[1:RL(XIN_XI)0:SIMPLE(IMPERIUS)]
490 440 
495 540 
540 555 
555 566 
935 666 
945 667 
1045 768 
1145 868 
1200 871 
1460 1201 
1660 1226 
1690 1426 
2000 1496 
2205 1696 
2505 1886 
2720 2145 
2935 2355 
3150 2555 
3160 2855 
3610 3055 
3645 3070 
4525 3385 
4565 3390 
4820 4221 
4835 4231 
5525 4268 
5630 4278 
5785 4291 
6130 4591 
6175 5012 
6615 5327 
6765 5359 
6945 5379 
7585 5583 
7875 5883 
8085 6098 
8910 6093 
9140 6293 
9715 6593 
10205 6983 
10460 7183 
10720 7253 
11065 7373 
11385 7873 
11785 8023 
12555 8108 
13155 8303 
13550 8383 
13855 8538 
14205 8743 
14740 8918 
13385 11808 
13690 12213 
14210 12468 
14545 13051 
14000 15491 
14350 16211 
14520 16881 
[0:SIMPLE(XIN_XI)1:RL(IMPERIUS)]
490 440 
495 540 
505 555 
506 655 
508 855 
793 865 
804 965 
814 1165 
818 1230 
821 1430 
822 1630 
1202 1930 
1252 2135 
1347 2535 
1512 2535 
1877 2240 
2307 2440 
2692 2930 
2903 3230 
3229 3245 
3444 3590 
3954 3780 
4304 3780 
4404 3795 
4759 3785 
5040 5045 
5900 4805 
6732 4815 
6827 4815 
7143 4750 
7448 4740 
7553 4740 
7688 4740 
[1:RL(XIN_XI)0:SIMPLE(IMPERIUS)]
490 490 
495 495 
540 540 
555 551 
935 651 
985 662 
1090 762 
1240 768 
1450 868 
1650 871 
1690 871 
2015 1136 
2265 1336 
2475 1536 
3280 1546 
3780 1826 
3865 2126 
3910 2326 
3945 2526 
3980 2726 
3990 2757 
4630 3057 
4710 3062 
4830 3372 
5195 3362 
5985 3352 
6180 3371 
6305 3394 
6510 3399 
6925 3784 
7350 3809 
7795 3934 
8100 4294 
8830 4729 
8955 4744 
9310 4764 
9575 4965 
10115 5165 
10870 5165 
11975 5465 
12225 5700 
12785 6245 
13355 6350 
14300 6455 
14910 6620 
15485 6775 
15940 6930 
13835 10810 
14255 11130 
14760 11575 
15310 12290 
16100 12970 
16580 13515 
17180 14820 
17795 15225 
18240 15590 
18690 16551 
19280 16886 
19810 17258 
19860 18629 
20125 19254 
[0:SIMPLE(XIN_XI)1:RL(IMPERIUS)]
440 490 
540 495 
555 505 
565 505 
665 505 
765 605 
765 607 
965 609 
1220 611 
1520 611 
1520 711 
1820 756 
2020 766 
2505 776 
2575 976 
2595 977 
2605 1177 
2805 1277 
3005 1277 
3205 1478 
3205 1482 
3570 1486 
3780 1490 
3795 1492 
4515 1692 
4525 1696 
4540 1697 
4550 1898 
4585 1901 
4580 2101 
4590 2104 
4615 2672 
4930 2872 
4915 2876 
4875 3076 
4875 3076 
4900 3076 
4885 3076 
5195 3076 
5495 3080 
5805 3280 
6115 3281 
6220 3581 
6325 3881 
6430 6611 
6585 7069 
6770 7077 
7255 7079 
7480 7080 
7705 7090 
7920 7095 
8185 7105 
8485 7135 
8750 7136 
9155 7147 
9590 7149 
10000 7155 
10410 7161 
10810 7578 
11190 7581 
11635 7581 
12015 7619 
12585 7629 
12970 7629 
13390 7629 
13835 7630 
14225 7635 
14630 7636 
15050 8051 
15760 8052 
16190 8055 
17015 8055 
17415 8055 
17875 8055 
18280 8057 
18695 8082 
19105 8084 
20315 8086 
20585 8086 
20900 8086 
21165 8086 
21410 8091 
21605 8091 
21835 8094 
22050 8095 
22250 8096 
22400 8099 
22550 8102 
22700 8103 
22700 8103 
22700 8105 
22695 8107 
22690 8108 
22650 8110 
22650 8113 
22640 8113 
22635 8116 
22645 8118 
22655 8121 
22660 8124 
22625 8126 
22625 8127 
22645 8130 
22640 8133 
22620 8134 
22635 8135 
22615 8135 
22630 8137 
22610 8137 
22605 8139 
22610 8139 
22640 8141 
22640 8144 
22630 8147 
22670 8149 
22640 8149 
22650 8150 
22655 8150 
22655 8150 
22680 8152 
22640 8154 
22615 8155 
22605 8155 
22595 8155 
22605 8156 
22635 8159 
22610 8159 
22600 8159 
22605 8162 
22585 8162 
22575 8165 
22570 8168 
22580 8168 
22590 8170 
22570 8170 
22555 8170 
22555 8170 
22555 8173 
22570 8176 
22575 8179 
22575 8182 
22595 8185 
22580 8185 
22575 8186 
22560 8186 
22560 8188 
22545 8188 
22570 8188 
22555 8189 
22585 8191 
22600 8203 
22620 8214 
22640 8216 
22650 8217 
22625 8218 
22660 8220 
22640 8221 
22635 8222 
22650 8222 
22590 8223 
22610 8224 
22585 8225 
18800 13035 
18815 13175 
18820 13281 
18835 13401 
18805 13566 
18820 13731 
18805 13796 
18815 13939 
18810 14056 
18810 14109 
18795 14211 
18795 14314 
18790 14366 
18795 14568 
18780 14769 
14720 20880 
14700 21030 
[1:RL(XIN_XI)0:SIMPLE(IMPERIUS)]
490 490 
495 500 
540 500 
555 500 
566 605 
666 650 
996 665 
1096 665 
1296 865 
1396 965 
1641 970 
1661 1170 
1886 1170 
2086 1370 
2286 1570 
2486 1570 
2686 2030 
2886 2030 
2901 2330 
3146 2530 
3346 2830 
3356 3655 
4156 3955 
4606 4255 
4641 4270 
4651 4320 
4661 4620 
4671 4820 
4706 5020 
4731 5020 
5031 5020 
5331 5020 
5331 5435 
5331 5435 
5631 5435 
5641 5435 
5941 5615 
5941 5905 
5941 5945 
5941 7270 
6241 7270 
6242 7250 
6249 7230 
6527 7250 
6538 7620 
6989 7690 
6997 7675 
8637 7600 
8638 7890 
8743 7905 
8848 7940 
8859 8030 
9039 8150 
9194 8640 
9301 8810 
9507 8910 
9732 9060 
9888 9270 
10144 9460 
10402 9665 
10609 9950 
11006 10205 
11411 10405 
11676 10820 
12498 11120 
15153 10110 
15658 10135 
[0:SIMPLE(XIN_XI)1:RL(IMPERIUS)]
490 490 
495 500 
540 500 
555 503 
665 503 
665 603 
865 608 
965 653 
1065 668 
1065 671 
1320 771 
1520 776 
1720 976 
1920 976 
2120 1177 
2605 1277 
2675 1280 
2685 1283 
3070 1483 
3080 1483 
3530 1683 
3540 1883 
3575 1885 
3585 2440 
3595 2444 
3675 2644 
3975 2648 
4555 2848 
4600 2848 
4635 2848 
4845 2848 
4845 3048 
4845 3048 
4845 3048 
4845 3048 
5045 3248 
5345 3248 
5645 3248 
5645 3248 
5750 3548 
5855 4784 
5960 5084 
6530 5384 
6710 5402 
6865 5762 
7070 5807 
7300 5817 
7505 5877 
7760 6202 
8650 6504 
8865 6510 
9180 6812 
9540 7147 
9945 7187 
10350 7223 
11095 7233 
11510 7340 
11925 7447 
12285 7554 
12705 7709 
13005 7864 
13175 8019 
13490 8224 
13705 8430 
14255 8645 
14520 8927 
15030 9183 
15240 9438 
15415 9843 
15560 10250 
15710 10658 
16165 11091 
16175 11512 
16190 11917 
16190 12324 
16205 12729 
16215 13135 
16225 13541 
16235 13947 
16225 14354 
16225 14954 
16240 15256 
16230 15556 
16225 15807 
16175 16059 
16180 16310 
16190 16513 
16190 16713 
16190 16913 
16185 17078 
16210 17228 
16195 17381 
16205 17381 
16225 17381 
16225 17381 
16240 17383 
16255 17385 
16250 17386 
16270 17389 
16260 17392 
16315 17392 
16315 17392 
16320 17393 
16370 17393 
16375 17395 
16395 17395 
16395 17395 
16410 17395 
16395 17395 
16425 17396 
16410 17398 
16440 17398 
16455 17398 
16455 17398 
16430 17398 
16420 17398 
16420 17400 
16420 17400 
12670 22550 
12655 22606 
12655 22621 
[1:RL(XIN_XI)0:SIMPLE(IMPERIUS)]
490 490 
495 495 
540 505 
546 550 
646 560 
657 760 
757 770 
767 870 
967 970 
969 1170 
1169 1170 
1172 2010 
1272 2025 
1272 2225 
1617 2425 
1957 2425 
1982 2725 
2182 2725 
2393 2925 
2593 2925 
2793 2925 
2993 2925 
3008 2925 
3253 3340 
3263 3340 
3263 3340 
3638 3340 
3648 3340 
4108 3340 
4143 3340 
4153 3340 
4163 3340 
4173 3540 
4173 3540 
4173 3540 
4188 3540 
4388 3845 
4688 3845 
4988 4145 
5018 6175 
5023 6780 
5289 7530 
5311 7555 
5346 7580 
5357 7545 
5657 7570 
5659 7880 
5764 7870 
6067 7890 
6172 8020 
6532 8045 
6637 8130 
6792 8245 
6972 8335 
7127 8475 
7332 8655 
7537 8735 
7949 8945 
8204 9195 
8559 9335 
8764 9425 
[0:SIMPLE(XIN_XI)1:RL(IMPERIUS)]
490 440 
495 540 
505 550 
506 660 
506 660 
606 760 
607 960 
609 1370 
611 1570 
613 1770 
615 1870 
617 2505 
902 2815 
957 3320 
977 3530 
1077 3540 
1372 3585 
1472 3605 
1482 3625 
1962 3660 
2017 3960 
2087 4160 
2557 4160 
2592 4370 
2902 4405 
3102 4705 
3308 4810 
3323 4915 
3773 4920 
4236 4975 
4316 5015 
4516 5015 
4576 5275 
4889 5470 
4994 5485 
5369 5550 
5489 5955 
5591 5975 
5756 6235 
5912 6765 
6407 6875 
6727 7030 
7242 7580 
7482 7745 
7782 8170 
8382 9025 
8852 9615 
9767 9845 
10372 10025 
10782 10235 
11257 10560 
11732 10965 
12220 11575 
12932 11825 
13618 12140 
14238 12389 
14988 12524 
15543 12628 
16203 12763 
17218 12884 
17668 13059 
18303 13274 
18778 13464 
19293 13634 
19828 13789 
20253 13814 
20698 13814 
21138 13844 
21788 13864 
22453 13859 
23214 13869 
23991 13854 
25071 13864 
25758 13814 
26533 13824 
27294 13819 
28155 13829 
29036 13844 
30041 13859 
30958 13859 
31408 13869 
31999 13867 
32499 13887 
33049 13882 
33449 13887 
33850 13899 
34310 13914 
34610 13924 
34906 13939 
35377 13924 
36543 13134 
36556 13149 
36567 13089 
36597 13089 
36574 13099 
36584 13104 
36600 13109 
36616 13139 
36616 13129 
36619 13129 
36621 13099 
36622 13069 
36622 13079 
36625 13084 
39216 11309 
39238 11309 
[1:RL(XIN_XI)0:SIMPLE(IMPERIUS)]
490 440 
500 540 
500 551 
600 651 
600 662 
980 762 
985 1092 
1035 1112 
1055 1513 
1155 1578 
1165 1778 
1765 2118 
1965 2359 
1965 2559 
2155 2619 
2170 2909 
2180 2934 
2370 3509 
2385 3544 
2385 3794 
2435 3904 
2485 3949 
2690 3959 
2705 4169 
2760 4469 
3000 4704 
3435 5014 
3445 5071 
3750 5177 
4060 5617 
4065 6082 
4365 6672 
4410 6844 
4685 6965 
4695 7205 
4710 7425 
4715 7610 
4685 7867 
4970 8149 
4980 8354 
4990 8704 
5225 9119 
5320 9389 
5415 9809 
5690 10240 
5795 10645 
5950 11050 
6090 11850 
6215 12255 
6145 12935 
6255 13305 
6480 13726 
6675 14148 
6850 14703 
6950 15108 
7360 15668 
7900 16038 
8400 16486 
8090 19311 
9005 20086 
9020 20786 
9020 21296 
9070 22351 
9055 22951 
9220 23526 
9370 24146 
9365 24756 
9350 25276 
9365 26041 
9370 26494 
9355 26894 
9355 27404 
9370 27919 
9355 28385 
9370 28786 
9370 29188 
9355 29541 
[0:SIMPLE(XIN_XI)1:RL(IMPERIUS)]
490 490 
500 495 
500 540 
503 650 
505 750 
507 950 
508 1260 
508 1270 
608 1470 
610 1670 
611 1730 
614 1930 
614 2130 
714 2430 
719 2630 
720 3160 
722 3160 
724 3520 
725 3995 
727 4030 
730 3990 
732 4300 
734 4485 
734 4545 
834 4600 
834 4600 
834 4640 
1034 4840 
1034 4860 
1034 5160 
1490 5210 
1493 5300 
1693 5755 
1696 6075 
1700 6315 
1702 6410 
2002 6565 
2004 6770 
2204 6915 
2207 7135 
2207 7320 
2407 7525 
2607 7780 
2611 8065 
2614 8320 
2814 8690 
2814 8980 
2814 9405 
3099 9810 
3114 10110 
3114 10525 
3129 10945 
3130 11175 
3180 11585 
3580 11990 
3655 12260 
3870 12605 
4330 13405 
4060 14125 
4430 14775 
4475 15215 
4501 15660 
5051 16060 
5064 16525 
5169 16935 
5624 17280 
5709 17725 
5879 18155 
6044 18540 
6164 18950 
6385 19380 
6670 19695 
8110 20105 
8385 20505 
8685 20925 
9415 21365 
9855 21765 
10295 22195 
10565 22595 
10970 23255 
11480 23860 
17280 20475 
18140 20505 
18915 20515 
19622 20530 
20555 20680 
21255 20695 
22055 20705 
22830 20685 
23535 20730 
24386 20730 
25058 20745 
25725 20765 
26285 20780 
26882 20785 
27383 20765 
27686 20755 
28143 20795 
28561 20805 
28911 20805 
33453 17905 
33655 17895 
33720 17895 
33985 17895 
34153 17905 
34331 17900 
38733 14910 
38749 14910 
38775 14910 
38933 15210 
38930 15210 
38947 15195 
[1:RL(XIN_XI)0:SIMPLE(IMPERIUS)]
490 440 
495 540 
505 551 
505 931 
605 981 
890 1091 
935 1191 
1035 1391 
1055 1726 
1155 1756 
1170 2031 
1170 2241 
1970 2298 
1970 2320 
2170 2585 
2185 2600 
2385 3260 
2585 3460 
2585 3480 
2635 3517 
2695 3523 
2775 3548 
2995 3568 
3710 3958 
3730 4013 
4065 4254 
4385 4461 
4705 4763 
5290 4868 
5600 4973 
5895 5078 
5890 5233 
5900 5723 
6305 5893 
6305 6143 
6325 6351 
6425 6868 
6545 7133 
6830 7403 
6950 7609 
6515 8609 
6515 9099 
6615 9504 
6665 10134 
6855 10609 
6980 11190 
7335 11700 
7945 12180 
7780 13158 
7945 13728 
7935 14413 
8085 14938 
8100 15574 
8085 16137 
8085 16724 
8085 17489 
8100 18111 
8100 18731 
8115 19501 
8115 20171 
8115 20831 
8115 22031 
8115 22841 
8115 23641 
8115 24401 
8115 25251 
8100 26061 
[0:SIMPLE(XIN_XI)1:RL(IMPERIUS)]
490 490 
500 495 
500 540 
795 550 
805 650 
807 850 
811 1055 
814 1160 
817 1370 
817 1370 
917 1570 
922 1770 
926 2110 
928 2725 
929 3025 
1029 3035 
1079 3035 
1094 3035 
1194 3035 
1198 3860 
1203 3895 
1208 3920 
1210 3930 
1410 3930 
1457 3940 
2507 3975 
2717 3975 
2747 3980 
2887 4280 
3332 4780 
3352 4790 
3652 4790 
3952 4790 
4152 4790 
4152 4790 
4152 4790 
4502 5090 
4502 5090 
4517 5430 
4817 5490 
5167 5765 
5562 5795 
5767 5830 
6157 5840 
6297 5885 
6462 5895 
6872 5910 
7397 6020 
7732 6225 
8007 6265 
8252 6570 
9047 6590 
9447 6655 
10323 6790 
10983 6910 
11568 7090 
12273 8170 
13013 8205 
14973 7310 
15948 7690 
16681 7830 
17533 7925 
18711 8030 
19776 8125 
20647 8175 
22097 8665 
23232 8870 
24227 8935 
25389 8935 
26824 8970 
27909 9035 
29445 9070 
[1:RL(XIN_XI)0:SIMPLE(IMPERIUS)]
490 490 
500 495 
500 540 
500 555 
600 565 
600 765 
700 768 
705 868 
805 874 
805 974 
805 974 
1005 1174 
1005 1229 
1005 1429 
2355 1441 
2555 1641 
2570 1641 
2570 1641 
2570 1645 
2960 1846 
3160 2191 
3175 2436 
3160 2796 
3175 3686 
3175 4026 
3640 4061 
3640 4406 
3655 4496 
3640 4556 
3650 4996 
3635 5391 
3625 5706 
3625 5823 
3925 6220 
3965 6745 
3965 6980 
3980 7161 
3965 7446 
3980 7696 
3980 7916 
3995 8301 
3995 8661 
4010 9021 
4010 9376 
4010 10026 
4310 10576 
4310 11906 
4610 12466 
4610 12916 
4605 13526 
4595 13946 
4610 14296 
4595 14896 
4580 15506 
4565 16231 
4565 16641 
4565 17476 
4550 17846 
4550 18391 
4565 19027 
4550 19602 
[0:SIMPLE(XIN_XI)1:RL(IMPERIUS)]
490 490 
495 495 
505 540 
795 550 
805 750 
808 855 
811 1055 
811 1155 
911 1170 
916 1170 
918 1625 
1018 1825 
1063 1925 
1083 1940 
1086 2140 
1186 2560 
1191 3385 
1196 3620 
1201 3880 
1206 4040 
1211 4035 
1216 4070 
1221 4435 
1226 4435 
1229 4450 
2390 4450 
2590 4450 
2595 4735 
2599 4735 
2804 4735 
2934 4735 
2954 4745 
3014 4735 
3214 5050 
3715 5055 
3930 5370 
4231 6695 
4231 6695 
4532 6715 
4543 6685 
4743 6790 
4743 6800 
5044 6905 
5046 7060 
5048 7165 
5489 7230 
5490 7460 
5495 7525 
5796 7680 
5807 8230 
6007 8425 
6007 8860 
6007 9280 
6007 9770 
6008 10145 
6608 10585 
7623 11205 
7626 11330 
7629 11775 
7631 12055 
7631 12395 
7632 12875 
7914 13370 
7975 13690 
7978 14255 
7980 14626 
8460 14942 
8622 15357 
8997 15662 
9112 15825 
9307 16211 
10352 16451 
10542 16736 
10772 17135 
11172 17431 
11502 17744 
12257 18065 
12897 18062 
13427 18077 
14047 18072 
19147 14917 
19752 14921 
20582 14891 
25847 11471 
26697 11456 
27682 11456 
28702 11451 
29469 11451 
30378 11474 
31123 11470 
31757 11455 
[1:RL(XIN_XI)0:SIMPLE(IMPERIUS)]
490 440 
500 540 
500 555 
500 555 
600 660 
605 760 
605 770 
705 970 
705 973 
905 1073 
905 1073 
1005 1553 
1005 1603 
1005 2003 
2505 2223 
2505 2448 
2805 2648 
2805 2858 
2805 3258 
3005 4413 
3005 4458 
3005 4498 
3005 4510 
3005 4535 
3005 4571 
3430 4584 
3455 4619 
3655 4726 
3665 5127 
3675 5249 
3805 5415 
3805 5585 
4250 5692 
4260 5897 
4560 6442 
4550 6627 
4565 6917 
4575 7197 
4575 7407 
4575 8220 
4790 8635 
4805 9060 
5100 9865 
5125 10500 
5125 10912 
5865 11447 
5885 11957 
5885 12328 
6195 12988 
6485 14133 
6625 14593 
6650 14938 
7655 15553 
7810 15963 
7840 16328 
7960 16874 
8165 17395 
8655 17862 
8810 18404 
9040 18909 
9260 19209 
9465 19476 
9870 20176 
10135 20511 
10405 20946 
10820 21557 
11140 22069 
11545 22869 
11860 23169 
12325 23855 
12610 24185 
12885 24635 
13075 25485 
13355 26103 
13550 26448 
13770 27183 
13985 27794 
14150 28407 
14315 29117 
14460 29722 
14490 29922 
14460 30224 
14445 30477 
[0:SIMPLE(XIN_XI)1:RL(IMPERIUS)]
490 490 
495 495 
540 505 
550 795 
650 805 
900 805 
915 905 
1115 955 
1315 1285 
1325 1390 
1810 1490 
1865 1570 
1935 2125 
1960 2325 
2170 2840 
2370 3495 
2550 3720 
2560 4760 
3280 5425 
3300 5685 
3345 6035 
3380 6305 
3390 6590 
3435 6750 
3735 7090 
3935 7320 
4450 7605 
4915 7840 
5200 8205 
5215 8515 
5335 8825 
5480 9225 
5535 9725 
5705 10125 
5845 10535 
6015 11250 
6220 11735 
6450 12460 
6655 13355 
6925 14091 
7180 14801 
[1:RL(XIN_XI)0:SIMPLE(IMPERIUS)]
490 490 
495 495 
540 505 
551 505 
651 605 
654 660 
754 760 
764 765 
964 1165 
1294 1230 
1314 1430 
1514 1530 
1614 1530 
1814 1730 
1835 1935 
2035 2135 
2390 2335 
2460 2705 
2525 2725 
2590 3025 
2801 3325 
3221 3490 
3246 3935 
3696 3910 
3717 3935 
4087 3915 
4442 3935 
4842 3910 
5062 3910 
5372 4210 
5902 4410 
6267 4405 
6417 4720 
6832 5955 
7042 6840 
7262 7235 
7552 7225 
7772 7225 
[0:SIMPLE(XIN_XI)1:RL(IMPERIUS)]
490 490 
495 495 
540 505 
550 505 
650 505 
900 705 
915 990 
1115 1000 
1315 1011 
1515 1302 
1995 1602 
2050 1615 
2060 1665 
2090 2045 
2160 2105 
2360 2165 
2380 2615 
2755 3295 
2880 3760 
3330 4000 
3340 4350 
3385 5085 
3395 5135 
3415 5450 
3715 5790 
3915 6355 
4150 6565 
4450 6710 
4750 6960 
4785 7210 
4985 7770 
5285 8145 
5585 8535 
5610 8965 
5910 9430 
5910 9855 
6290 10536 
6350 11496 
6475 12197 
6645 12897 
6830 13467 
7000 13944 
7265 14604 
7420 15329 
7665 16304 
8335 16955 
8620 17797 
8875 18517 
9345 19172 
9780 19739 
10295 20304 
10800 20814 
11190 21624 
11555 22444 
12070 23271 
12965 24232 
13195 25104 
13385 26044 
13675 26959 
13905 27874 
14040 28839 
14255 29715 
14335 30674 
14345 32195 
14575 33777 
14725 34682 
14740 35587 
14750 36137 
14765 36613 
14775 37213 
14775 37778 
13570 39763 
13584 40292 
13593 40618 
13599 40625 
13599 40640 
13614 40674 
13594 40743 
13574 40759 
[1:RL(XIN_XI)0:SIMPLE(IMPERIUS)]
440 490 
540 495 
551 505 
651 505 
661 605 
761 650 
861 660 
864 860 
868 965 
872 1520 
875 1730 
1075 1930 
1075 2130 
1276 2330 
1279 2705 
1479 3005 
1479 3020 
1779 3470 
1782 3480 
1982 3810 
1985 3865 
1989 4275 
1989 4330 
2189 4705 
2389 5120 
2389 5240 
2404 5315 
2407 5545 
2607 5725 
2608 6190 
2908 6740 
2911 7110 
2912 7300 
2912 7845 
2914 8325 
2899 8610 
2914 9135 
2925 9705 
2925 10065 
2917 10200 
2927 10865 
2930 11395 
4375 10940 
4880 11480 
5350 12095 
5470 12620 
5510 13175 
5585 13630 
5701 14150 
5716 14830 
7246 14210 
7611 14745 
7662 15335 
7942 17095 
8407 17640 
8512 18045 
8677 18595 
8882 19445 
9047 19875 
[0:SIMPLE(XIN_XI)1:RL(IMPERIUS)]
490 490 
495 495 
540 540 
542 640 
642 740 
742 750 
757 990 
768 1095 
868 1110 
871 1320 
875 1735 
875 1935 
1075 1935 
1479 2970 
1482 3005 
1682 3315 
1685 3325 
1689 3540 
1693 3875 
1697 4190 
1701 4690 
1756 4705 
1771 4695 
1971 4710 
2171 4995 
2171 5005 
2171 5005 
2171 4995 
2175 5005 
2575 5205 
2875 5235 
2907 5535 
3207 5545 
3222 5545 
3422 5960 
4393 5960 
4588 5960 
4618 5960 
5155 5975 
5471 6275 
5576 6290 
5851 7330 
5854 7435 
6204 7465 
6589 7485 
6959 7545 
7129 7555 
7394 7565 
7500 7630 
7707 7675 
7864 7680 
8029 7740 
8386 7735 
8671 7735 
8878 7990 
9135 7985 
9390 7935 
9648 8090 
10068 8090 
10458 8105 
10875 8205 
11280 8220 
12375 8205 
12843 8320 
13258 8335 
13663 8320 
14068 8530 
14513 8545 
14910 8540 
15331 8680 
15739 8685 
16169 8655 
[1:RL(XIN_XI)0:SIMPLE(IMPERIUS)]
490 490 
495 495 
505 540 
505 540 
505 650 
705 750 
705 760 
705 905 
805 916 
805 1116 
905 1316 
950 1331 
965 1531 
1065 1731 
1065 1733 
1665 1934 
1865 2139 
1865 3175 
2065 3210 
2265 3220 
2465 3521 
2465 3736 
2765 4036 
2945 4337 
3135 4340 
3605 4640 
3595 4645 
3610 4846 
3895 5146 
3910 5456 
3895 5491 
3895 5546 
3910 6271 
3895 6297 
3905 7847 
3895 7857 
3910 7857 
3910 8127 
3925 8172 
3925 8182 
3940 8227 
3955 8332 
3950 8437 
4250 8567 
4255 8722 
4855 8877 
7045 9032 
7060 9532 
7070 9722 
7185 9942 
7130 10207 
7145 10462 
7245 10752 
7245 11622 
7225 12362 
7340 12812 
7355 13217 
7355 13642 
7640 14252 
7610 14667 
9085 14522 
9055 14842 
9140 15072 
9340 15467 
9780 15782 
9890 16047 
10005 16477 
9975 16697 
10175 17102 
8720 20157 
8720 20427 
8705 20892 
[0:SIMPLE(XIN_XI)1:RL(IMPERIUS)]
490 440 
495 540 
505 550 
505 650 
508 805 
509 1005 
512 1215 
514 1515 
516 1715 
516 1915 
616 2015 
617 2425 
617 2435 
717 2435 
762 3495 
777 3520 
780 3530 
880 3830 
880 3835 
1565 3870 
1615 5480 
1815 6800 
1845 6800 
2064 6810 
2264 6810 
2464 7240 
2811 7240 
2873 7205 
2944 7205 
2964 7220 
2975 7220 
3190 7235 
3200 7235 
3695 7250 
3997 7265 
4197 7280 
4499 7305 
4509 7320 
4514 7335 
4522 7350 
4527 7350 
4727 7355 
5028 7360 
5788 7350 
6108 7365 
6143 7380 
6298 7395 
7398 7410 
7728 7420 
8673 7435 
8778 7450 
9323 7450 
9605 7465 
9763 7480 
9923 7490 
10328 7505 
10534 7515 
10741 7525 
11147 7540 
11402 7535 
11682 7550 
12087 7550 
12494 7565 
12899 7575 
13329 7585 
13737 7570 
14144 7565 
14549 7565 
14956 7565 
15256 7570 
16011 7575 
16468 7585 
16823 7585 
17245 7595 
17976 7595 
18376 7600 
18806 7590 
19316 7600 
19581 7585 
19896 7600 
20246 7615 
20347 7615 
20597 7615 
20900 7615 
21101 7590 
21302 7590 
21552 7575 
[1:RL(XIN_XI)0:SIMPLE(IMPERIUS)]
490 440 
495 540 
505 551 
505 651 
605 661 
650 901 
665 916 
665 1416 
765 1516 
1265 1531 
1265 1741 
1465 1941 
1665 1945 
2110 2145 
2310 3306 
2490 3516 
2680 3716 
2880 3726 
2895 4026 
2880 4031 
2895 4383 
3595 4858 
3605 4903 
3595 5413 
3610 6213 
3605 6223 
3595 6228 
3595 6228 
3605 6228 
3595 6228 
3610 6228 
3610 6833 
3625 8108 
3925 8163 
3935 8268 
4245 8398 
4245 8513 
5495 8670 
5805 8827 
7415 8982 
7475 9188 
7480 9395 
7465 9600 
7860 10216 
7875 10466 
8130 10487 
8245 10893 
8440 11298 
8570 11703 
8870 12109 
8990 12957 
9135 13362 
9285 13769 
9440 14175 
9600 14475 
9785 14775 
10455 15077 
10670 15328 
10875 15595 
11130 15847 
11465 16047 
11055 17213 
11220 17788 
11500 18149 
11755 18574 
11980 18956 
12535 19066 
12720 19274 
11575 21826 
11760 21936 
11910 22088 
12035 22254 
12170 22356 
12155 22649 
12155 23000 
[0:SIMPLE(XIN_XI)1:RL(IMPERIUS)]
490 440 
495 540 
505 550 
795 650 
805 665 
805 765 
905 765 
910 965 
910 1365 
1335 1465 
1390 1665 
1455 1665 
1655 1865 
2220 2165 
2420 2165 
2545 2365 
3010 2565 
3220 2565 
3236 2920 
3438 2925 
3450 2925 
3514 2935 
3779 3320 
3789 3485 
4500 3925 
4545 4195 
4650 4485 
4860 4775 
4860 4805 
4910 4965 
4910 4980 
4930 5175 
5180 5475 
5480 5470 
5680 5485 
6330 5785 
6345 6200 
7245 6235 
7500 6245 
8150 6255 
8255 6855 
8435 6870 
8805 6880 
9320 6845 
9540 6860 
9695 6845 
9955 6855 
10215 6870 
11160 6860 
11460 6855 
11880 6860 
12240 6860 
12646 6875 
13331 6885 
13633 6890 
14049 6880 
14491 6890 
14897 6880 
15303 6865 
15708 6865 
16114 6865 
16519 6875 
16924 6865 
17459 6865 
17864 6865 
18272 6860 
18727 6870 
19030 6860 
19331 6855 
19682 6860 
19932 6875 
20184 6860 
20484 6860 
20684 6830 
[1:RL(XIN_XI)0:SIMPLE(IMPERIUS)]
490 490 
500 495 
500 540 
500 550 
600 650 
605 665 
650 765 
750 768 
855 868 
870 868 
870 1468 
1070 1468 
1270 1669 
1470 1669 
1470 1869 
1725 2069 
1725 2069 
2025 2370 
2225 2374 
2810 2377 
2825 2577 
3105 2580 
3305 2583 
4395 2783 
5305 2783 
6825 2783 
6860 2783 
7230 2783 
7215 2783 
7190 2783 
7180 2783 
7180 2783 
7190 2783 
7200 2783 
7200 2783 
7205 2783 
7205 2783 
7190 2783 
7205 2783 
7205 2783 
7205 2783 
7220 2783 
7220 2783 
7230 2786 
7240 2786 
7240 2988 
7255 2991 
7270 3191 
7270 3194 
7280 3195 
7290 3495 
7310 3497 
7305 4263 
7305 4267 
7310 4567 
7310 4567 
7310 4570 
7615 4572 
7630 4572 
8015 4577 
8115 4578 
8235 4581 
8335 4583 
8505 4585 
8585 4586 
8745 4586 
9125 4586 
9225 4591 
9445 4593 
9665 4593 
9825 4893 
10030 4895 
10425 4895 
10735 5495 
11155 7320 
11695 7340 
11945 7340 
12355 7375 
12670 7385 
12875 7395 
13150 7432 
13380 7442 
13680 7449 
13915 7459 
14120 7469 
14320 7825 
14500 7885 
14705 7915 
14855 7928 
15000 8305 
14995 8351 
15050 8376 
15035 8429 
15065 8430 
15095 8473 
15145 8538 
15135 8643 
15170 8646 
15185 8711 
15195 8777 
15225 8887 
15190 9064 
15195 9594 
15220 9750 
15215 9855 
15210 9905 
15225 10112 
15255 10252 
15235 10842 
15235 11112 
15265 11317 
15240 11422 
15270 11827 
15255 12082 
15280 12262 
15275 12677 
15320 13082 
15305 13287 
15340 13694 
15320 13994 
15335 14144 
15295 14447 
15295 14698 
15260 14916 
15320 15166 
15295 15369 
15285 15575 
13615 17882 
13630 18065 
13600 18232 
13545 18400 
13560 18443 
13545 18446 
13525 18449 
11215 21409 
11185 21411 
11185 21413 
[0:SIMPLE(XIN_XI)1:RL(IMPERIUS)]
490 440 
500 540 
500 550 
503 660 
505 860 
505 960 
605 965 
610 1465 
655 1665 
665 1865 
865 1865 
1445 2065 
1455 2265 
1895 2265 
2105 2465 
2305 2565 
2680 2565 
2980 2865 
3195 3045 
3231 3235 
3446 3250 
3456 3435 
3516 3450 
3771 3435 
3784 3905 
3794 3895 
4247 4195 
4447 4210 
4747 4195 
5052 4195 
5082 4195 
5384 4210 
5659 4195 
5681 4495 
5694 5095 
6009 5095 
6024 5695 
6189 5695 
6309 5695 
6439 5695 
6544 5705 
6700 6765 
6856 7215 
7037 7180 
7242 7180 
7447 7185 
7655 7220 
7910 7230 
8165 7240 
8420 7260 
8825 7295 
9231 7305 
9638 7400 
10045 7505 
10476 7520 
10882 7580 
11289 7590 
11695 7600 
12295 7630 
12805 7785 
13340 7825 
13695 7990 
14050 8075 
14300 8090 
14550 8290 
14803 8610 
15303 8570 
15505 8730 
15708 8935 
15860 9040 
17131 9150 
17292 9410 
17435 9475 
17760 9690 
18080 9800 
18256 9855 
18486 9920 
18797 10135 
18925 10180 
19077 10345 
19277 10510 
19379 10675 
19631 10675 
19933 10675 
20135 10675 
20337 10675 
20887 10660 
[1:RL(XIN_XI)0:SIMPLE(IMPERIUS)]
490 490 
495 495 
540 540 
550 551 
660 651 
660 657 
860 757 
1060 768 
1160 868 
1165 871 
1520 875 
2120 879 
2420 883 
2430 884 
2630 1085 
2930 1089 
3135 1093 
3435 1097 
3435 1101 
4260 1101 
4275 1801 
4720 1804 
5395 1808 
6220 1812 
7280 1816 
7255 1820 
7215 1824 
7240 1828 
7240 1832 
7240 1836 
7230 1840 
7230 1844 
7245 1848 
7255 1852 
7265 1856 
7265 1856 
7260 2057 
7595 2257 
7640 2257 
7655 2458 
7785 2458 
7805 2658 
7910 2958 
8005 2961 
8115 2962 
8270 2963 
8830 2964 
8925 2964 
9130 2966 
9360 2966 
9525 2966 
9735 2969 
10120 2969 
10385 2969 
10785 2974 
11030 2977 
11435 2978 
11735 2979 
12035 2979 
12185 2980 
12450 2982 
12730 2983 
12975 2983 
13150 2985 
13340 2986 
13605 2986 
13755 2986 
13935 2989 
14090 2989 
14110 2991 
14115 2991 
14175 2991 
14145 2991 
14175 3231 
14205 3246 
14245 3546 
14245 4846 
14250 6161 
14265 7381 
14245 7406 
14270 7436 
14230 7446 
14285 7458 
14275 7468 
14345 7470 
14335 7473 
14335 7473 
14340 7508 
14345 7510 
14385 7520 
14370 7532 
14405 7543 
14400 7544 
14450 7545 
14470 7546 
14480 7549 
14485 7549 
14450 7551 
14450 7551 
14470 7552 
14440 7552 
14410 7553 
14450 7555 
14465 7558 
14475 7558 
14465 7559 
14470 7559 
14470 7559 
14540 7559 
14495 9084 
14530 9099 
14560 9145 
14540 9285 
14525 9391 
14540 9521 
14530 9691 
14500 9861 
14460 10016 
14470 10246 
14480 10452 
14480 10682 
14475 10940 
14505 11195 
14510 11451 
14495 11858 
14495 12263 
14525 12565 
[0:SIMPLE(XIN_XI)1:RL(IMPERIUS)]
490 490 
495 490 
540 501 
835 502 
935 502 
1035 702 
1050 703 
1150 693 
1160 793 
1575 803 
1940 803 
1990 804 
2275 805 
2575 1135 
2790 1150 
2565 1452 
2770 1598 
2970 1998 
3170 2029 
3525 2229 
3965 2519 
[1:RL(XIN_XI)0:SIMPLE(IMPERIUS)]
490 490 
495 500 
540 500 
550 500 
650 900 
750 900 
765 900 
1375 1100 
1435 1100 
1635 1100 
2105 1200 
2305 1200 
2450 1200 
2516 1500 
3232 1500 
4312 1700 
4447 1700 
4737 1700 
5547 1900 
5887 1900 
6027 1900 
6502 2100 
7117 2100 
7397 2300 
8117 2300 
8447 2300 
8822 2500 
9207 2500 
[0:SIMPLE(XIN_XI)1:RL(IMPERIUS)]
490 490 
495 500 
540 501 
920 503 
940 793 
1040 803 
1050 803 
1150 1283 
1170 1303 
1170 1306 
1625 1598 
1870 1608 
2050 1668 
2250 1718 
2430 1818 
2500 1923 
2510 2078 
2735 2393 
2920 2593 
3235 2658 
3710 2698 
3730 2903 
4030 3118 
4180 3318 
4470 3345 
4660 3645 
4675 4045 
4660 4262 
4660 4557 
4660 4762 
5105 5422 
5105 5582 
5070 5687 
5060 5758 
5075 6363 
5075 6519 
5680 6676 
5725 6908 
5815 7023 
5340 8728 
5730 8985 
6080 10301 
5805 11707 
6075 12232 
6360 13167 
6395 13532 
6385 14347 
[1:RL(XIN_XI)0:SIMPLE(IMPERIUS)]
440 490 
540 500 
555 500 
565 500 
945 600 
1045 600 
1060 700 
1395 700 
1495 700 
1535 900 
1555 1400 
1563 1805 
1565 1805 
2361 2005 
2616 2005 
2701 2105 
3046 2105 
3366 2105 
3491 2305 
4236 2305 
4551 2305 
4811 2505 
5396 2505 
[0:SIMPLE(XIN_XI)1:RL(IMPERIUS)]
490 490 
495 495 
540 540 
555 555 
565 565 
665 665 
765 910 
770 917 
970 1017 
1170 1217 
1170 1317 
1370 1647 
1570 1722 
1770 1753 
2070 1963 
2070 3363 
2270 3673 
2370 3888 
2430 4213 
2630 4318 
2795 4656 
2795 5121 
2805 5301 
3105 5474 
3305 5714 
3295 5932 
3310 6535 
3610 6861 
3620 7136 
3620 7486 
3625 7922 
3625 8355 
3925 8980 
3875 9455 
3875 9985 
3860 10590 
3860 11195 
3860 11628 
4160 12138 
4175 12556 
4995 13156 
5295 13836 
5295 14476 
5295 14738 
5315 15038 
5310 15696 
5285 16226 
5295 16696 
5545 17158 
5555 17570 
5575 18080 
5550 18397 
5655 18582 
6155 19077 
6860 19372 
6925 19557 
6915 20607 
6915 21127 
7390 21637 
7495 22257 
7445 22812 
[1:RL(XIN_XI)0:SIMPLE(IMPERIUS)]
440 490 
540 500 
550 500 
750 795 
750 805 
855 805 
955 905 
970 955 
973 1060 
1073 1165 
1076 1375 
1076 1575 
1277 2365 
1680 2690 
1683 2905 
1883 2930 
2213 3095 
2234 3105 
2299 3405 
2499 4385 
2689 4405 
2954 4510 
2964 4615 
3414 4650 
3459 4805 
3470 4960 
3770 5270 
4070 5970 
4371 6215 
4708 6280 
4743 6520 
4768 6835 
4803 6955 
5104 7415 
5111 8015 
5116 8600 
5124 8975 
5134 9360 
5469 9420 
5504 9600 
5609 9965 
5811 10130 
5916 10435 
6283 10765 
6388 10975 
6623 11140 
6763 11550 
6853 12620 
7003 12845 
7208 13370 
7388 13590 
7593 13970 
8293 14435 
8548 14870 
8823 15340 
9343 15645 
9728 15900 
9885 17675 
10288 18115 
10414 19120 
10729 19615 
11184 20380 
11589 20840 
12090 21195 
12643 21680 
18076 18105 
18471 18490 
18991 18760 
19486 18970 
19951 19115 
20818 19425 
21183 19605 
21548 19910 
21765 20005 
22165 19995 
22215 19975 
22266 19930 
23148 19345 
23308 19340 
23605 19220 
23813 19220 
23829 19260 
23860 19245 
23861 19220 
[0:SIMPLE(XIN_XI)1:RL(IMPERIUS)]
490 490 
495 495 
540 540 
555 555 
565 566 
665 946 
765 1091 
770 1146 
970 1251 
1070 1881 
1070 2106 
1270 2306 
1470 2551 
1470 2561 
1670 3251 
1870 3336 
1870 3801 
2170 4111 
2170 4641 
2370 4966 
2625 5131 
2635 5486 
2835 5616 
2835 5746 
2835 5896 
2835 6461 
3005 6841 
3005 7022 
3205 7242 
3220 7702 
3205 8462 
3215 8857 
3215 9282 
4440 9657 
4705 10407 
5005 10947 
5020 11412 
5020 11829 
5055 12392 
5065 12745 
5075 13245 
5095 14405 
5105 14915 
5140 15475 
5450 16110 
5450 16680 
5460 17030 
5770 17566 
7395 18104 
7425 18589 
7435 19151 
7440 19601 
7450 20039 
7480 20552 
7575 21212 
7590 21925 
7690 22763 
7795 23324 
7795 23835 
7975 24646 
8070 25357 
8065 26064 
8180 26964 
8280 27566 
8295 28117 
8390 28917 
8600 29417 
8565 30167 
8770 30867 
8925 31270 
9030 31620 
9180 31921 
9265 32223 
9315 32375 
9290 32377 
9445 32379 
[1:RL(XIN_XI)0:SIMPLE(IMPERIUS)]
440 490 
540 495 
551 540 
651 920 
666 930 
669 1125 
769 1325 
1174 1525 
1177 1645 
1277 1845 
1278 1855 
1478 2130 
1482 2530 
1486 2845 
1490 3060 
1490 3360 
1990 3570 
1993 3870 
1993 4010 
2194 4305 
2394 4590 
2394 5845 
2779 5825 
2855 5770 
3055 6005 
3270 5955 
3280 5955 
3290 5955 
4065 5955 
4090 5965 
4115 5975 
4165 6275 
4178 6280 
4578 6880 
4683 6890 
5118 7890 
5413 7990 
5593 8090 
5743 8325 
6231 8365 
6461 8800 
6661 8955 
7296 8805 
7741 9000 
8032 9205 
8302 9260 
8723 9635 
8908 10035 
9313 10190 
9963 10270 
11123 10670 
11733 10850 
[0:SIMPLE(XIN_XI)1:RL(IMPERIUS)]
490 490 
495 495 
540 540 
551 640 
651 655 
941 665 
996 865 
1306 865 
1551 970 
1571 1070 
1771 1070 
2081 1670 
2281 1870 
2481 1870 
2681 2070 
3096 2270 
3181 2270 
3411 2570 
4326 2570 
4356 2870 
4381 3070 
4393 3270 
4693 3270 
4993 3270 
5196 3440 
5496 3890 
5921 3905 
6042 4190 
6162 4190 
7107 4205 
7277 4200 
7792 4190 
8337 4205 
8612 4200 
9137 4200 
9377 4190 
9717 4190 
[1:RL(XIN_XI)0:SIMPLE(IMPERIUS)]
490 440 
495 540 
505 555 
505 555 
800 660 
810 760 
810 771 
955 871 
1005 874 
1210 878 
1380 881 
1790 1081 
1990 1411 
2190 1846 
2610 2046 
2680 2246 
2690 2264 
2700 2464 
3445 2526 
3565 2586 
3600 2596 
3610 2956 
3910 2966 
4110 3416 
4420 3426 
4720 3466 
4730 3471 
5130 3506 
5130 3517 
5430 3753 
5430 4063 
5535 4363 
5640 4766 
5720 4791 
5875 4801 
6045 5026 
6150 5311 
6355 5311 
6570 5416 
6800 5521 
7045 5641 
7315 5821 
7570 5976 
7960 6131 
8330 6336 
8995 6541 
9410 6641 
9815 7101 
10170 7756 
10645 7961 
10930 8341 
11665 8891 
12050 9443 
12410 10608 
12765 10913 
13205 11219 
13575 11525 
14345 11831 
14775 12036 
15325 12266 
16620 12472 
16920 12828 
17040 13184 
17545 13334 
17825 13786 
18030 13938 
18245 14189 
18450 14441 
[0:SIMPLE(XIN_XI)1:RL(IMPERIUS)]
490 440 
495 540 
540 555 
550 565 
650 665 
665 765 
1045 770 
1055 970 
1100 970 
1200 1570 
1400 1770 
1430 1770 
1630 1870 
1652 2070 
1852 2270 
2259 2570 
2584 2570 
3152 2625 
3387 2825 
3634 2825 
3926 2825 
4376 2825 
4832 2815 
5052 2830 
5184 3005 
5304 3020 
5829 3195 
5984 3210 
6152 3495 
6307 3495 
[1:RL(XIN_XI)0:SIMPLE(IMPERIUS)]
490 440 
495 540 
540 550 
550 650 
1030 750 
1045 760 
1145 763 
1455 863 
1505 878 
1580 882 
1890 882 
2105 1082 
2305 1485 
2505 1820 
2705 1850 
2905 1867 
3130 2067 
3295 2267 
3565 2328 
3585 2529 
4060 2979 
4070 3430 
4080 3450 
4115 3485 
4480 3496 
4770 3507 
4800 3542 
4800 3553 
5100 3567 
5660 3870 
5765 4173 
5870 4178 
5945 4378 
6310 4678 
6385 4979 
6425 5365 
6840 5412 
6980 5730 
7150 5731 
7405 6031 
7535 6343 
7855 6583 
8210 6598 
7385 8558 
7420 8713 
7500 8968 
7850 9088 
8220 9293 
8605 9798 
8735 9943 
9475 10323 
9415 12658 
[0:SIMPLE(XIN_XI)1:RL(IMPERIUS)]
490 440 
495 540 
505 550 
795 750 
805 760 
807 865 
811 970 
1106 1170 
1436 1170 
1746 1920 
1846 2035 
1951 2045 
2056 2245 
2586 2545 
2741 2745 
3071 2745 
3726 2990 
4041 3015 
4476 3215 
4606 3415 
4791 3670 
4986 3680 
5181 3680 
5802 3680 
6107 3680 
6756 4215 
6991 4215 
7426 4215 
7721 4370 
8000 4890 
8570 4905 
8995 5305 
9830 5480 
10356 5795 
10802 6030 
11362 6100 
11884 6290 
12307 6915 
12830 7370 
13450 7590 
13985 8105 
14580 8620 
15539 8775 
16109 8890 
16884 8925 
17584 9160 
[1:RL(XIN_XI)0:SIMPLE(IMPERIUS)]
490 490 
495 495 
505 540 
505 550 
505 560 
885 660 
935 760 
955 771 
1055 1101 
1110 1131 
1290 1231 
1490 1641 
2370 1646 
2580 1846 
2780 2046 
3605 2365 
4135 2665 
4150 2865 
4615 3075 
4625 3275 
4925 3285 
4925 3285 
4980 3485 
4980 3495 
4995 3510 
5305 3800 
5315 3800 
5780 3810 
5885 3810 
6155 3810 
6950 3810 
7345 3810 
8195 3810 
8820 3810 
9130 4040 
9435 4050 
9825 4070 
10560 4070 
10945 4516 
11570 4519 
12215 4539 
12715 4542 
13370 4662 
14060 4675 
14775 4975 
15480 5351 
16655 5356 
17420 5657 
18265 5708 
19005 5909 
19900 6310 
20755 6920 
21590 7010 
22480 7130 
20890 10625 
21925 11190 
24200 11380 
24845 11750 
25310 12037 
25850 12347 
26390 12832 
26975 13542 
27575 13912 
27965 14514 
24935 19787 
20500 26470 
20450 27148 
20485 27733 
20410 28100 
20425 28529 
20390 28862 
16340 35147 
16340 35473 
20820 32692 
[0:SIMPLE(XIN_XI)1:RL(IMPERIUS)]
490 440 
495 540 
495 550 
505 750 
508 860 
509 960 
800 970 
810 1070 
1140 1070 
1240 1620 
1855 1820 
1955 2130 
2390 2340 
2800 2555 
2920 2755 
3275 2765 
3370 2975 
3770 2985 
3830 3285 
4555 3585 
4820 3590 
4885 3890 
5010 4190 
5135 4390 
5355 4390 
5845 4380 
6240 4380 
6705 4365 
7010 4365 
7720 5025 
8055 5035 
8785 5045 
9517 5360 
9797 5395 
10412 5400 
10897 5430 
11907 5730 
12384 5760 
12911 5725 
13496 5740 
14007 5755 
14567 5760 
15279 5760 
15830 5965 
16370 6255 
17010 7435 
17522 7420 
18334 7415 
19365 7445 
20201 7450 
21176 7475 
22031 7465 
23371 7480 
24186 7465 
24701 7490 
25556 7500 
26231 7490 
[1:RL(XIN_XI)0:SIMPLE(IMPERIUS)]
490 490 
495 495 
505 540 
505 550 
505 553 
940 653 
990 664 
1095 764 
1810 767 
2185 867 
2195 878 
2995 1139 
3035 1339 
3070 1343 
3115 1543 
3150 1543 
3430 1746 
3770 2146 
4040 2446 
4255 2446 
4465 2648 
4570 2848 
5040 3048 
5205 3048 
5380 3248 
5530 3238 
5800 3253 
6030 3238 
6250 3253 
6405 3253 
6645 3253 
6915 3253 
7135 3583 
7540 3663 
7945 3663 
8525 3663 
8950 3673 
9660 4028 
9925 4388 
10280 4688 
10635 5113 
11030 5553 
11400 5603 
11780 5998 
12150 6343 
12540 6458 
12995 6563 
13385 6938 
13625 7223 
13865 7408 
14270 7573 
15310 7788 
15740 8433 
16125 8668 
16580 8988 
17015 9288 
17600 9553 
18045 9953 
18510 10418 
15650 15693 
15895 16429 
16700 17019 
17130 17604 
17610 18329 
18310 19044 
18810 19834 
[0:SIMPLE(XIN_XI)1:RL(IMPERIUS)]
490 490 
495 495 
540 505 
550 506 
655 508 
755 510 
1420 512 
1630 514 
1930 516 
2130 516 
2240 616 
2240 617 
2440 619 
2640 619 
3070 719 
3260 720 
3450 720 
3465 1015 
3450 1026 
3750 1028 
4985 1032 
4935 1034 
4935 1036 
4950 1136 
4950 1137 
4950 1141 
4965 1144 
5265 1147 
5280 1150 
5280 1150 
5280 1154 
5530 1159 
5560 1159 
5860 1159 
5885 2159 
6185 2161 
6185 2163 
6185 2213 
6185 2217 
7200 2232 
7215 2434 
7235 2437 
7235 2637 
7570 2642 
7685 2647 
7735 2649 
7710 2849 
7935 2854 
8005 2858 
8135 2858 
8210 2916 
8375 3116 
8440 3116 
8595 3176 
8800 3376 
8855 3376 
9150 3386 
9405 3390 
9565 3401 
10145 4526 
10560 4561 
10850 4572 
11140 4882 
11510 5182 
11620 5185 
11960 5505 
12265 5805 
12400 7005 
12665 7751 
12865 7753 
13060 7760 
13270 7713 
13485 7716 
13645 7719 
13790 7722 
13980 7724 
13980 7829 
13980 7994 
13980 8099 
13980 8149 
13985 8306 
14000 9266 
13990 9461 
13960 9666 
13930 9871 
13940 10078 
13940 10335 
13950 11032 
13950 11390 
13950 11795 
13950 12202 
13950 12458 
13950 12863 
13935 13608 
13945 14033 
13960 14493 
13945 15159 
13925 15580 
13920 16001 
13915 16406 
13930 16813 
13945 17558 
13920 18443 
13920 19264 
13920 19699 
13925 20259 
13905 20834 
13905 21345 
13895 21920 
13910 22555 
13940 23141 
13925 23751 
13895 24746 
13885 25426 
13900 26201 
13910 27041 
13910 27718 
13885 28553 
13885 29153 
13915 29754 
13885 30354 
13865 30805 
13890 31315 
13905 31817 
13905 32218 
13875 32621 
13875 33023 
13895 33323 
13910 33624 
13890 33926 
13870 33928 
13875 33933 
13865 33934 
13865 33934 
13895 33935 
13895 33936 
13875 33936 
13875 33949 
11530 36916 
11530 36921 
11510 36951 
11500 36972 
11500 36972 
[1:RL(XIN_XI)0:SIMPLE(IMPERIUS)]
490 490 
495 500 
540 565 
555 565 
565 665 
665 1370 
765 1570 
768 1870 
772 2210 
2127 2225 
2472 2425 
3276 2435 
3296 2435 
3306 2435 
3516 2435 
3726 2435 
3761 2435 
3961 2435 
3961 2435 
3961 2435 
3961 2635 
3961 2935 
3961 3135 
3961 3120 
4016 3110 
4216 3125 
4216 3410 
4516 3600 
4516 3615 
4716 3900 
5431 4090 
5731 4105 
5731 4090 
5731 4105 
6036 4115 
6342 4415 
6747 4400 
6887 4400 
7007 4405 
7315 4415 
7485 4420 
8040 4400 
8740 4405 
9005 4405 
9230 4405 
9430 4405 
9720 4405 
10080 4405 
10400 4405 
10935 4405 
11510 4405 
12280 4400 
12855 4405 
13480 4405 
14105 4405 
15095 4405 
15875 4390 
[0:SIMPLE(XIN_XI)1:RL(IMPERIUS)]
440 490 
540 495 
550 505 
650 506 
1655 508 
1855 510 
2065 510 
2065 610 
2365 610 
2365 613 
2765 615 
2935 617 
3235 617 
3245 717 
3235 718 
3250 720 
3535 722 
3535 722 
3535 822 
3550 822 
3550 825 
3550 827 
3565 828 
3715 829 
3715 829 
3730 1631 
3730 1633 
3730 1633 
4180 1636 
4480 1638 
5320 1638 
5320 1838 
5320 2189 
5270 2204 
5305 2404 
5315 2420 
5320 2423 
5275 2628 
5290 2630 
5890 2830 
7235 2834 
7235 2839 
7260 2841 
7275 3041 
7295 3041 
7275 3156 
7275 3356 
7280 3361 
7295 3371 
7255 3379 
7685 3387 
7805 4559 
7850 4579 
7965 4589 
8120 4600 
8225 4635 
8430 5353 
8615 5655 
8785 5657 
9055 6257 
9325 7502 
9425 7512 
9740 7812 
10050 7815 
10145 7816 
10400 8917 
10675 9032 
10890 9152 
11090 9272 
11240 9437 
11380 9593 
11530 9750 
11650 9955 
11660 10475 
11655 10682 
11640 10940 
11655 11525 
11680 11796 
11680 12236 
11670 12706 
11635 13446 
11620 14051 
11620 15001 
11635 15521 
11640 16286 
11670 17036 
11675 17648 
11685 18273 
11700 18893 
11700 19513 
11700 20183 
10825 21903 
10830 22598 
10830 23483 
10830 24316 
10815 25542 
10775 26352 
10775 27189 
10770 27911 
10785 28511 
10770 29113 
10785 29668 
10755 30170 
10765 30671 
10745 31121 
[1:RL(XIN_XI)0:SIMPLE(IMPERIUS)]
440 490 
540 500 
555 500 
570 500 
670 600 
670 600 
871 1305 
1251 1305 
1266 1405 
1283 1405 
1283 1605 
2187 1805 
2437 1805 
2452 1805 
2509 2050 
2519 2065 
2779 2065 
2979 2265 
3279 2565 
3579 2565 
3879 2865 
4079 2865 
4379 3165 
4579 3365 
4879 3365 
5679 3365 
5699 3365 
5699 3365 
6779 3365 
6789 3365 
6824 3365 
6844 3365 
6844 3365 
7579 3365 
7624 3365 
8089 3365 
8159 3365 
8519 3365 
8624 3365 
8779 3365 
8884 3365 
9039 3365 
9269 3365 
10054 3365 
10259 3350 
10699 3350 
10909 3350 
11184 3350 
11554 3550 
11864 3565 
12279 3565 
12944 4465 
13399 6020 
13839 5990 
14299 5995 
14729 5995 
15919 5995 
16749 5995 
17294 5995 
18259 5995 
18959 5995 
19539 5995 
20099 5995 
20621 5990 
21252 5995 
21862 5995 
22435 5990 
23121 5995 
23781 5995 
24431 5995 
25241 5995 
26076 5990 
26736 5995 
27549 5980 
[0:SIMPLE(XIN_XI)1:RL(IMPERIUS)]
490 490 
495 495 
505 540 
506 830 
506 930 
606 1075 
891 1130 
936 1330 
1036 1435 
1086 1635 
1286 1880 
1311 2080 
1736 2115 
2491 2385 
2696 2420 
2706 3480 
2726 3925 
3372 3960 
3602 4275 
3812 4320 
3997 4420 
4587 4525 
4692 4545 
4947 4775 
5032 4940 
5197 5125 
5552 5125 
[1:RL(XIN_XI)0:SIMPLE(IMPERIUS)]
490 440 
495 450 
560 595 
570 695 
670 1075 
770 1175 
1010 1280 
1910 2331 
2020 2546 
2020 2846 
2030 3046 
2030 3082 
2230 3092 
2430 3117 
2630 3457 
2930 3797 
3130 3832 
3130 3862 
3430 4512 
3730 4652 
3930 4772 
5195 5102 
5205 5512 
5205 5797 
5220 5982 
5220 6207 
[0:SIMPLE(XIN_XI)1:RL(IMPERIUS)]
490 440 
495 540 
505 550 
790 790 
800 890 
810 1190 
814 1250 
815 1370 
1195 1570 
1245 1680 
1265 1880 
1286 2080 
1386 2310 
1481 2510 
2406 2580 
2826 2770 
2870 3085 
3085 3385 
3325 3575 
3365 3735 
3930 3735 
4515 3750 
4620 4050 
4970 4035 
5170 4015 
5390 4015 
5880 3735 
6160 3735 
6351 3740 
6896 3740 
7541 3755 
7876 3740 
8236 3755 
8896 3740 
9441 3755 
10167 3755 
11182 3755 
11592 3755 
12069 3755 
12629 3740 
13264 3740 
[1:RL(XIN_XI)0:SIMPLE(IMPERIUS)]
490 440 
500 450 
505 550 
505 695 
505 795 
605 810 
650 1010 
750 1110 
765 1126 
1665 1326 
1665 1341 
1865 1546 
2065 1896 
2065 2441 
2265 2651 
2465 2686 
2465 3091 
2645 3331 
2930 4136 
2945 4776 
3130 5091 
3140 5536 
3140 5826 
3130 5991 
3145 6191 
3130 6381 
[0:SIMPLE(XIN_XI)1:RL(IMPERIUS)]
490 440 
500 540 
501 640 
503 740 
503 750 
603 850 
888 865 
893 880 
1193 1080 
1238 1080 
1293 1280 
1393 1480 
1418 1480 
1443 1965 
1643 2020 
1713 2320 
2058 2375 
2258 2420 
2613 2750 
2808 3040 
2863 3250 
3498 3460 
3713 3565 
3783 3875 
3900 4165 
4285 4175 
4355 4370 
4470 4365 
5240 4110 
5355 4100 
5560 4315 
5940 4325 
6635 4320 
7370 3795 
8130 3800 
8725 3800 
9130 3800 
9655 3800 
10655 3800 
11215 3800 
11835 3800 
12445 4000 
13056 3985 
[1:RL(XIN_XI)0:SIMPLE(IMPERIUS)]
490 490 
495 495 
505 540 
550 551 
650 651 
660 661 
860 671 
860 871 
870 874 
1025 1175 
1225 1275 
1235 1475 
1435 1476 
1635 1921 
2420 1937 
2720 2137 
2920 2140 
3370 2480 
3650 2725 
3685 3025 
3745 3225 
3765 3225 
3980 3225 
4295 3235 
4660 3235 
5015 3625 
5030 3940 
6130 3950 
6430 3960 
6805 4490 
6990 4990 
7115 5290 
7300 5310 
7480 5305 
[0:SIMPLE(XIN_XI)1:RL(IMPERIUS)]
490 440 
500 540 
501 640 
501 650 
601 750 
606 760 
606 860 
607 870 
707 1070 
1032 1070 
1082 1270 
1282 1470 
1302 1470 
1782 1670 
1797 1870 
1902 1870 
2102 2070 
2532 2370 
2830 2800 
3050 3100 
3405 3285 
3725 3300 
3745 3595 
4705 3600 
4781 3900 
5021 5130 
5311 5395 
5631 5390 
5776 5420 
6216 5680 
6591 5990 
7506 7230 
7906 7235 
8266 7200 
8591 7185 
8976 7185 
[1:RL(XIN_XI)0:SIMPLE(IMPERIUS)]
490 440 
495 540 
505 550 
505 750 
505 760 
605 1140 
605 1150 
705 1250 
750 1300 
760 1321 
960 1521 
1060 1535 
1260 1735 
1465 1800 
1465 2210 
1530 2410 
1730 2761 
1930 2971 
2280 3381 
2480 3411 
3130 3721 
3430 3971 
3730 4381 
3730 4491 
4030 4906 
4045 5026 
4080 5206 
4365 6128 
4400 6488 
4410 6948 
4445 7398 
4645 8373 
4645 8773 
4935 9148 
4955 9518 
5020 9978 
5305 10853 
[0:SIMPLE(XIN_XI)1:RL(IMPERIUS)]
490 490 
495 495 
540 505 
550 505 
650 506 
850 661 
1010 901 
1210 1001 
1410 1716 
1510 1728 
1710 1929 
2360 2129 
2395 2131 
2605 2331 
2805 2631 
3005 2635 
3315 2835 
3340 3170 
3790 3240 
3825 3259 
3835 3269 
3845 3749 
4045 4502 
4345 4527 
4390 4892 
4395 5207 
4395 5552 
4395 5817 
4415 5877 
4415 6677 
4415 7337 
4415 7337 
4415 8227 
4415 8527 
4420 8667 
4420 8827 
4815 9517 
4825 9757 
5270 10022 
5375 11002 
5400 11632 
5555 12037 
5650 12407 
5755 13767 
5960 14347 
6115 14997 
6270 15797 
6525 16472 
[1:RL(XIN_XI)0:SIMPLE(IMPERIUS)]
490 490 
495 500 
540 500 
550 500 
750 600 
761 605 
861 605 
1147 805 
1247 805 
1297 905 
1497 950 
1512 960 
1534 1570 
1734 1570 
1834 1770 
2034 1870 
2048 2070 
2248 2270 
2254 2615 
2520 2915 
2720 2930 
2777 3130 
3077 3130 
3377 3130 
3528 3330 
3538 3450 
3838 3465 
4118 3450 
4593 3450 
4803 4990 
4816 4940 
4854 4940 
5154 4950 
5354 4940 
5655 4940 
5666 4950 
5669 5335 
6059 5345 
6579 5720 
6934 5755 
7054 6000 
7209 6050 
7314 6070 
7469 6110 
7674 6175 
7854 6200 
8069 6860 
8324 7045 
8555 7130 
8820 7250 
9235 7630 
9492 7805 
9899 7985 
10306 8215 
10712 8425 
11120 8680 
11526 9130 
11934 9630 
12339 9965 
12770 10380 
13175 10850 
13582 11265 
13988 11675 
14393 12215 
14823 12690 
16223 13135 
16833 13620 
17133 14060 
17423 14495 
17674 15045 
17926 15460 
18182 15870 
18395 16340 
18606 16760 
18797 17155 
18965 17600 
19118 18005 
19121 18420 
19121 18815 
19147 19225 
[0:SIMPLE(XIN_XI)1:RL(IMPERIUS)]
440 490 
540 495 
550 505 
650 505 
750 505 
760 605 
960 890 
1170 940 
1370 960 
1470 1060 
1470 1110 
1670 1665 
2150 1865 
2200 2090 
2225 2290 
2425 2490 
2440 2690 
2510 2709 
2520 2909 
2820 3109 
3080 3109 
3380 3109 
3685 3109 
3695 3109 
4145 3394 
4180 3829 
4200 3884 
4200 3904 
4200 4819 
4240 4839 
4525 4864 
4830 5279 
5025 5294 
5025 6029 
5030 6259 
5030 6369 
5040 6424 
5050 6734 
5365 7194 
5465 7329 
5475 7859 
5730 8094 
5755 8909 
5785 9199 
5790 9474 
6115 9739 
6130 10164 
6245 10599 
6355 10839 
6475 11259 
6630 11667 
6360 12937 
6595 13535 
6815 14045 
7105 14750 
7240 15361 
8445 16056 
8535 17341 
8560 18019 
8925 18609 
8985 19412 
9105 20237 
9340 20872 
9485 21727 
9560 22539 
9900 23302 
10090 24065 
10240 24877 
10330 25642 
10590 26429 
10720 27344 
10930 28207 
11045 29097 
11250 30062 
11310 31027 
11520 32127 
11580 33729 
11740 34436 
11940 35586 
12090 36186 
12110 36888 
12125 38775 
12140 39741 
12150 40558 
12150 41498 
12165 42110 
12130 42720 
12120 43046 
[1:RL(XIN_XI)0:SIMPLE(IMPERIUS)]
490 490 
495 495 
540 505 
550 505 
750 505 
760 605 
860 650 
1240 750 
1290 765 
1320 765 
1420 965 
1620 1865 
1636 2065 
1646 2065 
1846 2270 
2111 2270 
2311 2470 
2611 2770 
3151 2770 
3221 2770 
3281 2770 
3306 2775 
3999 2975 
4026 3275 
4511 3275 
4548 3475 
4561 3475 
4574 3475 
4774 3475 
4959 3475 
5064 3935 
5169 4105 
5519 4120 
5674 4105 
6034 4105 
6189 4090 
6624 4105 
6779 4090 
6984 4100 
7189 4090 
7394 4090 
7749 4105 
8104 4090 
8459 4090 
8714 4105 
9094 4090 
9349 4090 
9755 4105 
10036 4390 
10469 4400 
10875 4400 
11282 4400 
11690 5300 
12098 7075 
12503 7085 
12913 7040 
13319 7055 
13725 7055 
14133 7040 
14433 7050 
15035 7020 
15536 7035 
15894 7035 
16249 7045 
16607 7050 
16964 7055 
18314 7055 
18564 7050 
19149 7060 
19349 7040 
19549 7050 
19652 7025 
19703 7035 
19754 7025 
19956 7025 
21672 7010 
[0:SIMPLE(XIN_XI)1:RL(IMPERIUS)]
490 490 
495 495 
540 540 
550 550 
650 650 
1030 750 
1040 760 
1105 1000 
1205 1200 
1675 1300 
1703 1710 
1903 1910 
2103 2110 
2303 2125 
3458 2425 
3483 2425 
3783 2625 
4008 2810 
4074 3105 
4357 3410 
4392 3425 
4697 3710 
4912 3710 
5227 3710 
5257 3710 
5297 3710 
5402 3710 
5702 3695 
6002 3695 
6072 3695 
6512 3705 
6617 3710 
7002 3695 
7192 3700 
7317 3700 
7522 3715 
7727 3715 
7957 3705 
8312 3705 
8577 3905 
8782 3890 
[1:RL(XIN_XI)0:SIMPLE(IMPERIUS)]
490 440 
495 540 
540 551 
640 881 
855 986 
870 1136 
870 1336 
1070 1536 
1270 1736 
1330 1981 
1530 2181 
1730 2411 
1740 2726 
1740 2841 
1940 2866 
2240 3168 
2440 3168 
2645 3175 
2945 3178 
3775 3178 
4085 3183 
4285 3484 
4715 3489 
5905 3494 
6855 3697 
6825 3897 
7265 3897 
7240 4287 
7215 4297 
7210 4307 
7245 4757 
7195 5107 
7195 5112 
7210 5112 
7215 5547 
7230 5557 
7230 5557 
7245 5567 
7270 5578 
7270 5588 
7280 5591 
7290 5591 
7300 5594 
7280 5594 
7295 6769 
7270 6884 
7245 6999 
[0:SIMPLE(XIN_XI)1:RL(IMPERIUS)]
490 440 
495 540 
505 550 
506 660 
506 660 
606 860 
651 960 
941 970 
961 1220 
1061 1320 
1116 1320 
1316 1520 
1416 1820 
1481 2020 
1501 2220 
3540 2425 
3755 2425 
3869 2835 
4099 3135 
4299 3140 
4339 3435 
4366 3620 
4378 3920 
4394 4225 
4405 5470 
4708 5640 
5018 5590 
5063 5575 
5168 5875 
5198 5875 
5398 5875 
5578 5890 
5708 6190 
5813 6190 
6018 6190 
6173 6205 
6328 6190 
[1:RL(XIN_XI)0:SIMPLE(IMPERIUS)]
490 490 
495 495 
540 540 
550 542 
760 642 
760 742 
865 752 
965 992 
965 1192 
1030 1292 
1230 1307 
1330 2147 
1670 2347 
1870 2547 
2070 2747 
2085 3016 
2535 3216 
2570 3241 
2870 3241 
2880 3246 
3090 3261 
3090 3261 
3105 3276 
3140 3276 
3540 3276 
4285 3631 
4345 3676 
[0:SIMPLE(XIN_XI)1:RL(IMPERIUS)]
490 490 
495 495 
540 505 
550 505 
650 508 
860 510 
960 795 
965 1130 
1465 1160 
1665 1170 
1865 1275 
1865 1375 
2065 1435 
2265 1775 
2265 2205 
2370 2405 
2370 2700 
2570 2900 
2770 3017 
2970 3282 
2970 3622 
2970 3662 
2970 4047 
3420 4192 
3435 4912 
3435 5222 
3425 5352 
3440 5473 
3740 5590 
4040 5755 
6545 6240 
6550 6420 
7045 6627 
7120 6927 
8120 7257 
8130 7552 
8460 7825 
8845 8090 
8925 8487 
9035 9024 
9515 9660 
9730 10090 
9910 10537 
10610 11147 
10885 11588 
11090 12050 
11355 12405 
11595 12905 
11865 13440 
12295 13798 
12670 14154 
13080 14509 
13510 14969 
13900 15310 
14335 15920 
14715 16267 
15200 16727 
15630 17642 
15985 18152 
16420 18992 
16825 19752 
17235 20347 
17580 20958 
14720 25923 
14795 26940 
14985 27760 
15240 28665 
15450 29240 
15600 30185 
15815 30945 
15890 31760 
15875 33025 
16035 33890 
16160 34592 
16150 34977 
16140 35444 
16165 35545 
16180 35648 
16200 35858 
16195 36158 
16235 36473 
16190 36776 
16200 36778 
16200 36778 
16170 36778 
[1:RL(XIN_XI)0:SIMPLE(IMPERIUS)]
490 490 
495 500 
540 500 
543 700 
643 700 
649 1080 
749 1090 
760 1145 
860 1155 
863 1265 
878 1505 
1278 1605 
1478 1615 
1678 1830 
2008 1830 
2030 2095 
2055 2295 
2057 2505 
2257 2705 
2697 2995 
2912 3185 
2982 3200 
3332 3205 
4182 3185 
4220 3965 
4535 3975 
4930 4425 
5035 4460 
5150 4665 
5255 4600 
5420 4600 
5575 4615 
5731 4915 
5921 5165 
6152 5190 
6357 5780 
6627 6110 
6882 6110 
7127 6735 
7547 7755 
8153 7810 
8738 7815 
9238 7865 
9603 7970 
9958 8000 
10323 8020 
10703 8100 
11058 8465 
11428 8625 
11783 8795 
12138 8925 
12493 9375 
12913 9620 
13203 10160 
14138 9935 
14673 10350 
15129 10620 
15550 10995 
16070 11185 
16745 11575 
17163 11760 
17968 12005 
18523 12430 
18960 12670 
19540 13300 
22025 12275 
22695 12655 
23240 13210 
23780 13645 
25040 14105 
26605 14500 
26968 14820 
27254 15235 
27557 16160 
27857 16505 
28132 17090 
28382 17480 
[0:SIMPLE(XIN_XI)1:RL(IMPERIUS)]
490 490 
495 495 
540 505 
550 506 
660 508 
860 510 
960 800 
965 810 
1465 810 
1465 1010 
1665 1010 
1865 1110 
1865 1395 
2065 1445 
2265 1545 
2265 1880 
2565 2220 
2565 2605 
2865 2980 
3045 3190 
3045 3380 
3345 3692 
3535 4002 
3545 4122 
3835 4307 
3850 4422 
4035 5078 
4495 5254 
5085 5444 
5100 5656 
5395 5871 
6260 6083 
6665 6396 
7435 6663 
7565 7307 
7670 7750 
7840 8180 
7995 9210 
8030 10136 
8250 10656 
8335 11261 
8450 11792 
8690 12376 
[1:RL(XIN_XI)0:SIMPLE(IMPERIUS)]
490 490 
495 500 
540 500 
542 600 
642 600 
657 980 
757 985 
767 1035 
1170 1235 
1270 1245 
1272 1445 
1472 1740 
1802 1985 
1827 2185 
2167 2195 
2212 2310 
2478 2650 
2679 2670 
2707 3130 
3142 3185 
3462 3205 
3677 3620 
3887 3935 
3952 4150 
4882 4455 
4987 4915 
5117 4985 
5272 5125 
5427 5200 
5582 5850 
6062 6435 
6267 6570 
6467 6645 
6758 6975 
6983 7185 
7253 7320 
7660 7475 
8032 7740 
8427 7830 
9897 7450 
10305 8225 
10970 8345 
11640 8475 
12130 8775 
[0:SIMPLE(XIN_XI)1:RL(IMPERIUS)]
440 490 
540 495 
555 496 
655 506 
665 508 
865 509 
1245 512 
1445 512 
1465 802 
1625 812 
1640 815 
1890 816 
2185 820 
2395 820 
2735 820 
2805 920 
3030 915 
3570 926 
3715 926 
3930 1006 
4140 1046 
4805 1066 
4895 1166 
4990 1176 
5085 1376 
5815 1388 
6325 1628 
6960 1632 
7210 1647 
7335 1848 
7565 1848 
8040 2038 
8800 2028 
8985 2033 
9465 2038 
9920 2056 
10415 2074 
[1:RL(XIN_XI)0:SIMPLE(IMPERIUS)]
490 490 
495 500 
540 500 
555 500 
566 980 
666 1000 
666 1000 
1151 1100 
1481 1385 
1631 1435 
1876 1535 
2216 1620 
2421 1680 
2646 1700 
2916 1900 
3691 2200 
3931 2400 
4156 2465 
4376 2565 
4911 2770 
5222 2920 
5707 3120 
6047 3885 
6442 3945 
6648 3970 
6834 4005 
7424 4160 
7714 4290 
[0:SIMPLE(XIN_XI)1:RL(IMPERIUS)]
490 490 
495 500 
540 500 
550 795 
650 805 
750 808 
1135 811 
1335 1101 
1360 1111 
1410 1211 
1435 1221 
1445 1556 
1690 1656 
1890 1711 
2080 1811 
2095 1846 
2350 2166 
2550 2188 
2560 2368 
2760 2453 
2880 2638 
3135 2838 
3425 3203 
3455 3413 
3750 3588 
4890 3878 
5015 4263 
5165 4563 
4725 5608 
5025 6098 
[1:RL(XIN_XI)0:SIMPLE(IMPERIUS)]
440 490 
540 495 
551 505 
651 505 
666 885 
996 890 
1146 945 
1346 955 
1546 1155 
1791 1155 
1991 1365 
2017 1465 
2227 1465 
2693 1665 
2993 1865 
3303 1965 
3573 1965 
3703 2165 
4016 2365 
4536 2565 
4986 2565 
[0:SIMPLE(XIN_XI)1:RL(IMPERIUS)]
490 490 
491 495 
501 540 
501 550 
601 650 
606 660 
607 770 
609 1170 
894 1470 
949 1570 
960 1570 
1060 1770 
1620 2015 
2030 2215 
2230 2225 
2640 2425 
2855 2625 
3070 2825 
3105 2825 
3130 2825 
3736 3025 
3881 3025 
4091 3820 
4491 3820 
5036 3820 
5221 3820 
5356 3820 
5486 3820 
5656 3820 
5981 3820 
6541 3820 
7366 3820 
7607 4270 
7917 4270 
8534 4305 
9029 4605 
9564 4610 
10149 4620 
10719 4920 
11569 4920 
12194 5370 
12859 5670 
13504 5675 
14309 5785 
14994 6100 
15769 6115 
16454 6130 
17264 6145 
18154 6160 
18964 6175 
19799 6190 
20486 6500 
21494 6605 
22307 6915 
23117 7225 
23877 7280 
24712 7295 
25719 7600 
26569 7665 
27169 7680 
27720 7695 
28171 7760 
28672 7770 
29124 7780 
29375 7930 
29775 7930 
30125 7945 
30425 7960 
30726 7960 
30877 7970 
30879 7980 
30880 7995 
30881 7995 
30882 7995 
30883 7995 
30883 7995 
30885 7995 
30885 7995 
30886 7995 
30886 7995 
30887 7995 
30888 7995 
30889 7995 
30890 7980 
[1:RL(XIN_XI)0:SIMPLE(IMPERIUS)]
490 440 
495 540 
505 550 
505 560 
505 660 
605 760 
605 763 
805 863 
805 873 
1185 1073 
1235 1076 
1295 1076 
1615 1676 
1630 1679 
1830 1879 
2130 1879 
2330 2179 
2530 2183 
2590 2183 
2600 2385 
2800 2389 
3080 2393 
3775 2393 
4085 2595 
4895 2599 
5000 2602 
5060 2802 
5375 2802 
5625 2802 
5895 2802 
5905 2802 
6060 2802 
6075 2802 
6085 2802 
6295 2802 
6720 2802 
6850 2802 
7220 2802 
7325 2802 
7860 2802 
8060 2802 
8320 2802 
8735 3102 
9965 3104 
10450 3404 
11595 3406 
11975 3407 
12640 3408 
13600 3408 
14055 3411 
15355 3411 
15960 3413 
16385 3414 
16915 3415 
17580 3416 
18270 3417 
19210 3417 
20185 3417 
21050 3458 
22060 3458 
23045 3459 
24055 3459 
25110 3460 
25935 3462 
26637 3487 
27415 3799 
28055 3802 
28605 4252 
29392 4358 
30065 4488 
30669 4500 
31284 4560 
31796 4621 
32259 4921 
32736 5093 
32911 5354 
32904 5462 
32914 5857 
32920 6027 
32895 6677 
32891 6983 
32936 7183 
32942 7338 
32788 7669 
29403 12694 
29358 12809 
29363 13274 
29383 13357 
29368 14173 
29363 14286 
26738 18162 
26668 18297 
26658 18592 
26628 18668 
26638 18834 
26653 19027 
[0:SIMPLE(XIN_XI)1:RL(IMPERIUS)]
490 440 
495 540 
505 550 
506 660 
508 860 
509 960 
509 970 
1099 970 
1110 1570 
1110 1670 
1490 1670 
1540 1870 
1595 2070 
1740 2070 
1830 2370 
2240 2370 
2308 2615 
2523 2625 
2923 2925 
3148 3125 
3500 3305 
3710 3305 
3925 3495 
3965 3510 
4275 3495 
4380 3510 
4770 3495 
5360 4735 
5675 4685 
6175 4685 
6290 4675 
6531 4975 
7376 4990 
7831 4975 
8517 4990 
8972 4975 
9332 5000 
10197 5000 
10614 5035 
11091 5010 
11671 5015 
12097 5320 
12508 5620 
12968 5620 
13330 5645 
13941 5910 
14588 6210 
15148 6510 
15833 6810 
16293 6810 
16811 6900 
17621 6915 
18306 6915 
19116 6965 
20211 6950 
[1:RL(XIN_XI)0:SIMPLE(IMPERIUS)]
490 440 
495 540 
505 550 
505 553 
650 653 
660 664 
860 764 
960 766 
1160 1177 
1610 1277 
1620 1278 
1835 1478 
2035 1480 
2095 1680 
2105 1680 
3215 1981 
3250 1984 
3460 2184 
3760 2184 
3960 2385 
4560 2385 
4810 2585 
5020 2885 
5020 2887 
5310 3087 
5315 3087 
5365 3087 
6020 3087 
6125 3087 
6230 3087 
6410 3087 
6565 3087 
6720 3087 
7580 3087 
7810 3087 
8015 3087 
8255 3087 
8525 3087 
8795 3087 
9160 3087 
9580 3087 
10005 3287 
11090 3290 
11500 3294 
11940 3298 
12625 3298 
13140 4343 
13895 4543 
14345 4543 
14820 4843 
15365 4859 
15865 5459 
16585 5769 
17240 7224 
14390 12119 
14895 12149 
15435 12279 
15795 12304 
16290 12394 
16980 12539 
17590 12644 
18175 12739 
18165 13999 
18615 14304 
19245 14469 
19775 14749 
18595 17639 
18985 17884 
19510 18350 
19730 18785 
20170 19188 
20575 19543 
20920 19858 
21375 20014 
21745 20275 
22015 20625 
22390 20825 
22765 21027 
23190 21210 
23710 21361 
[0:SIMPLE(XIN_XI)1:RL(IMPERIUS)]
490 490 
495 495 
540 505 
550 506 
660 506 
660 606 
760 651 
960 662 
1530 762 
1730 765 
1930 865 
2230 867 
2715 1067 
2745 1397 
2805 1427 
2870 1437 
2880 1682 
3080 1882 
3880 2082 
4200 2353 
4530 2363 
4785 2563 
4840 2783 
5035 3544 
5075 3754 
5085 3779 
5085 3799 
5095 4099 
5570 4401 
5885 4704 
5980 4710 
6280 5013 
6725 5050 
7275 5450 
7475 5450 
7655 5450 
7880 5750 
8025 6050 
8590 6465 
8820 6765 
9070 7120 
9325 7135 
9860 7145 
10375 7275 
10910 7285 
11450 7288 
11985 7340 
13000 7445 
13595 7445 
14215 7600 
14790 7650 
15430 7755 
16075 7960 
16735 8010 
17525 8165 
18365 8415 
19170 9010 
19940 9215 
21975 9317 
22635 9622 
23180 9877 
23735 10080 
24245 10285 
24710 10588 
25115 10739 
25525 10889 
25760 11142 
26045 11142 
26330 11394 
26470 11604 
26485 11604 
26500 11804 
26475 11957 
26500 11957 
26495 12108 
26460 12108 
26530 12109 
26515 12109 
26510 12109 
26495 12110 
26490 12110 
26480 12113 
21770 18188 
21770 18191 
21800 18217 
21775 18232 
21770 18247 
21755 18263 
21780 18263 
21745 18303 
21725 18320 
21740 18321 
21755 18362 
21740 18365 
21780 18365 
21780 18370 
21790 18371 
21795 18371 
21785 18371 
21765 18371 
17890 23722 
17875 23737 
17870 23738 
17865 23750 
17885 23751 
17880 23766 
16360 25708 
16350 25748 
16345 25774 
16355 25801 
16350 25842 
16360 25844 
16345 25887 
14750 28350 
14745 28369 
14725 28379 
14725 28380 
[1:RL(XIN_XI)0:SIMPLE(IMPERIUS)]
440 490 
540 500 
551 500 
651 600 
981 605 
1001 905 
1601 950 
1627 1150 
1652 1160 
1711 1270 
2056 1690 
2456 2185 
2756 2395 
2971 2605 
2997 2905 
4045 3515 
4150 4085 
4360 4385 
4485 4395 
4641 4430 
4746 4980 
4876 5420 
5082 5430 
5237 5940 
5393 6540 
5648 7285 
5854 7290 
6354 7290 
6954 7250 
7119 7250 
7519 7235 
7945 7240 
8513 7240 
8698 7255 
9009 7255 
9485 7265 
10035 7290 
10690 7290 
11020 7280 
11155 7295 
11397 7315 
11619 7300 
11777 7285 
12045 7285 
12310 7265 
12520 7705 
12932 7710 
13364 7710 
13814 7725 
14140 7675 
14640 7670 
14997 7675 
15354 7675 
15711 8090 
16161 8120 
17151 8135 
17466 8135 
17966 8150 
18166 8145 
19581 8155 
19843 8155 
19894 8155 
19945 8160 
20196 8135 
20346 8130 
20497 8135 
20597 8120 
20598 8120 
20600 8105 
20701 8090 
[0:SIMPLE(XIN_XI)1:RL(IMPERIUS)]
490 490 
495 500 
540 501 
640 503 
740 505 
940 795 
1040 805 
1050 808 
1075 875 
2030 975 
2030 985 
2525 1085 
2585 1325 
2655 1385 
2865 1405 
3065 1715 
3075 1737 
4125 1938 
4150 2734 
4460 2946 
4515 2957 
4815 3172 
5525 3182 
5490 3217 
5480 3430 
5770 3740 
5780 3940 
5765 4141 
6065 4441 
6095 4454 
6390 4755 
6390 4960 
6395 5960 
6420 5960 
6730 6560 
7030 6905 
7455 8060 
7885 8075 
8010 8180 
8120 8310 
8250 8415 
8740 8570 
8900 8727 
9270 8883 
9515 9088 
9720 9294 
8720 11154 
8870 11624 
9065 12034 
9230 12519 
9465 13294 
9720 14019 
9930 14569 
10275 15044 
10675 15459 
11050 15809 
11305 16325 
11740 16690 
12000 17092 
11605 18803 
11840 19379 
11995 19780 
12080 20282 
12325 20583 
12395 20783 
12590 20875 
12885 20902 
12905 21093 
12965 21243 
13165 21243 
[1:RL(XIN_XI)0:SIMPLE(IMPERIUS)]
440 490 
540 495 
550 505 
650 505 
750 505 
1080 605 
1100 650 
1300 750 
1400 760 
1425 960 
1726 1060 
1796 1060 
2371 1060 
2598 1260 
2898 1260 
3101 1560 
3496 1560 
3611 1560 
3826 1560 
4608 1760 
4763 1760 
4868 1760 
4973 1760 
5178 1760 
5333 1760 
5488 1760 
5768 1760 
5983 1760 
6378 1760 
6874 1760 
7144 1760 
7377 1770 
8027 1770 
8442 1770 
8797 1770 
8997 1770 
9767 1770 
10577 1770 
11177 1770 
11592 1970 
11862 2030 
12062 2230 
12482 2430 
12904 2630 
13124 2830 
13547 3130 
13954 3430 
14236 3730 
14871 4955 
15531 4970 
15842 4970 
16199 4945 
16660 4955 
17040 4960 
17395 4975 
17702 4935 
18060 5250 
18417 5315 
18723 5335 
19079 5520 
19334 5570 
19541 5900 
19992 6180 
21192 6195 
21942 6305 
22195 6445 
22445 6560 
22695 7095 
22895 7235 
23098 7660 
23300 7885 
23452 8040 
23605 8240 
24675 8755 
24725 8850 
24787 9120 
24842 9435 
24908 9525 
25075 9840 
25180 9940 
25330 10125 
[0:SIMPLE(XIN_XI)1:RL(IMPERIUS)]
490 490 
495 500 
540 501 
640 503 
740 504 
940 794 
950 806 
1160 809 
1360 812 
1660 812 
2310 912 
2520 962 
2720 973 
2745 1073 
2990 1368 
3190 1463 
3205 1663 
3205 1770 
3535 2000 
3605 2210 
3660 2238 
3670 2255 
3775 2475 
3970 2677 
3995 2979 
[1:RL(XIN_XI)0:SIMPLE(IMPERIUS)]
440 490 
540 500 
550 500 
930 790 
1030 800 
1045 900 
1145 905 
1157 1005 
1169 1055 
1175 1305 
1180 1520 
1185 1775 
1190 2445 
1190 2470 
1392 2525 
1442 2725 
[0:SIMPLE(XIN_XI)1:RL(IMPERIUS)]
440 490 
540 495 
550 540 
650 550 
750 650 
760 750 
960 760 
960 960 
1900 1290 
1910 1440 
2310 1640 
2320 1975 
2520 2060 
2585 2275 
2785 2540 
2985 3060 
2995 3325 
3040 3555 
3055 3755 
3255 3990 
3255 4585 
3255 4633 
3255 4968 
3255 5073 
3255 5103 
3255 5118 
3255 5158 
3520 5173 
3630 5473 
3655 5553 
3670 5873 
3945 5903 
3860 6033 
4130 6248 
4300 6988 
4320 7228 
4635 7258 
[1:RL(XIN_XI)0:SIMPLE(IMPERIUS)]
490 490 
495 500 
540 500 
551 880 
651 885 
661 940 
761 950 
1091 1150 
1291 1160 
1391 1265 
1591 1275 
1617 1330 
1817 1530 
1837 1775 
1848 2325 
2148 2595 
2348 2710 
2358 2925 
2558 3125 
3044 3380 
3104 3595 
3129 3895 
3389 3895 
3689 3895 
3999 5095 
[0:SIMPLE(XIN_XI)1:RL(IMPERIUS)]
490 490 
495 495 
540 505 
550 506 
660 506 
660 606 
860 651 
960 906 
1060 1006 
1390 1206 
1410 1306 
1620 1321 
1630 1521 
1980 1721 
2180 1731 
2255 1742 
2465 2144 
2665 2344 
2865 2348 
2875 2548 
3355 2548 
3510 2548 
3800 2548 
4425 2748 
4510 2748 
4715 2748 
5000 2748 
5275 2748 
5740 2748 
5900 2948 
6430 2948 
6445 2948 
6570 2948 
6710 2948 
6815 3729 
7020 4029 
7400 4039 
7550 4339 
7820 4344 
8070 4644 
8300 7299 
8695 7329 
9110 7336 
9380 7347 
9800 7357 
10365 7360 
10810 7395 
11180 7406 
11615 7417 
11980 7417 
12385 7418 
12805 7418 
13200 7424 
13635 7424 
14050 7424 
14480 7425 
14915 7427 
15345 7432 
15770 7433 
16200 7435 
16685 7436 
18435 7436 
19035 7436 
19300 7439 
19545 7441 
19780 7443 
20060 7483 
20260 7483 
20460 7484 
20630 7469 
20815 7469 
21005 7494 
21165 7505 
21165 7846 
21195 8238 
21170 8783 
21210 8808 
21215 8913 
21275 8974 
21270 9079 
21330 9131 
21330 9286 
21345 9441 
21310 9506 
21415 9736 
21405 9941 
21370 10096 
21320 10451 
21360 10696 
21360 11001 
21345 11281 
21325 11686 
21340 11851 
21360 12256 
21345 12671 
21345 12926 
21335 13226 
21350 13567 
21350 13882 
21370 14148 
21370 14400 
21325 14650 
18060 19030 
18025 19220 
18035 19420 
18035 19595 
18040 19786 
18045 19939 
[1:RL(XIN_XI)0:SIMPLE(IMPERIUS)]
440 490 
540 495 
550 540 
750 550 
760 750 
860 760 
1240 860 
1290 960 
1490 965 
1590 1165 
1855 1165 
2055 1320 
2080 1520 
2465 1520 
2680 1925 
3030 2125 
3300 2325 
3325 2325 
3350 2335 
3375 2335 
3875 2635 
4145 2935 
4510 3135 
4602 3720 
4912 3780 
5147 4150 
5252 4240 
5357 4690 
5514 4740 
5669 4750 
5825 4760 
6225 4970 
6540 5285 
6746 5300 
6951 5310 
7182 5610 
7437 6055 
7795 6070 
8150 6070 
8555 6370 
9327 6425 
9682 6730 
10089 7010 
10344 7040 
10599 7350 
11174 7440 
11579 7570 
11984 7675 
12414 7810 
12820 7965 
13226 8145 
13657 8365 
14064 8550 
14495 8770 
14910 9020 
15316 9290 
15721 9545 
16126 9950 
16539 10385 
16944 10800 
17546 11230 
18147 11650 
18447 12055 
18698 12475 
18950 13070 
19201 13405 
19402 13720 
19602 13950 
19802 14225 
19954 14490 
20104 14695 
20254 14910 
20255 15165 
20256 15330 
20257 15500 
20257 15645 
20259 15700 
20260 15715 
20260 15725 
20261 15730 
20263 15755 
20263 15765 
20263 15775 
20264 15735 
20266 15720 
20268 15730 
20269 15740 
20269 15770 
20271 15775 
20271 15790 
20271 15795 
20271 15765 
20271 15800 
20273 15815 
20274 15840 
20275 15850 
20276 15865 
20266 15860 
20281 15865 
20284 15875 
20285 15890 
20286 15875 
20286 15890 
20288 15905 
20288 15915 
20290 15930 
20290 15945 
20290 15935 
20293 15955 
20294 15970 
20294 15980 
20296 15970 
20296 15995 
20298 16010 
20299 16045 
20299 16055 
20299 16080 
20302 16095 
20302 16120 
20303 16125 
20303 16110 
20305 16125 
20307 16135 
20308 16125 
20309 16130 
20310 16145 
20311 16175 
20311 16190 
20313 16195 
20314 16245 
20314 16245 
20314 16260 
20317 16275 
20317 16290 
20319 16285 
20320 16315 
20321 16315 
20322 16340 
20322 16350 
20324 16355 
20325 16380 
20326 16395 
20326 16410 
20328 16425 
20328 16440 
20328 16455 
20330 16470 
20332 16490 
20333 16480 
20333 16470 
20333 16495 
20333 16510 
20333 16520 
20333 16535 
20333 16540 
20334 16530 
20335 16540 
20335 16545 
20337 16550 
20337 16575 
20338 16585 
20340 16610 
20340 16620 
20342 16660 
20342 16655 
20344 16650 
20344 16665 
20344 16685 
20347 16675 
20348 16670 
20348 16680 
20349 16680 
20351 16705 
20351 16715 
20353 16735 
20353 16725 
20355 16740 
20356 16750 
20357 16770 
20357 16775 
20359 16780 
20359 16800 
20359 16810 
20361 16810 
20362 16830 
20362 16830 
20362 16835 
20363 16835 
20363 16890 
20364 16885 
20366 16910 
20367 16900 
20367 16905 
20369 16945 
20370 16940 
20371 16965 
20371 16960 
20373 16965 
20374 16980 
20374 16985 
20376 17000 
20377 17005 
20368 17020 
20383 17045 
20383 17040 
20386 17055 
20387 17055 
20387 17080 
20389 17080 
20389 17120 
20391 17125 
20392 17125 
20392 17130 
20392 17125 
20394 17130 
20394 17145 
20397 17145 
20398 17145 
20398 17155 
20398 17185 
20398 17185 
20399 17240 
20399 17240 
20401 17295 
20402 17310 
20403 17270 
20403 17280 
20405 17295 
20405 17320 
20407 17320 
20408 17330 
20409 17370 
20409 17360 
20411 17370 
20411 17395 
20413 17385 
20414 17390 
20414 17405 
20415 17405 
20417 17390 
20417 17415 
20419 17420 
20419 17420 
20421 17430 
20421 17450 
20423 17460 
20423 17480 
20425 17485 
20425 17490 
20426 17500 
20428 17510 
[0:SIMPLE(XIN_XI)1:RL(IMPERIUS)]
440 490 
540 495 
550 505 
650 506 
850 506 
860 606 
960 607 
1160 609 
1365 609 
1565 709 
1565 754 
1725 769 
1725 769 
1925 969 
2125 1169 
2425 1172 
2625 1272 
2925 1275 
2935 1335 
3575 1535 
3595 1735 
3615 1736 
3850 1936 
3860 2236 
4310 2436 
4650 2440 
4900 2647 
5180 2847 
5220 3047 
5530 3047 
5675 3047 
6250 3047 
6370 3247 
6540 3247 
6735 3247 
6900 3247 
7105 3247 
7335 4027 
7710 4027 
7975 4027 
8230 4027 
8485 4037 
9115 4337 
9520 4340 
9945 4640 
10555 4940 
10855 5240 
11810 5250 
13340 5550 
13805 5554 
14170 6154 
14440 7310 
14935 7650 
15405 7740 
15615 7765 
15890 7785 
16230 7810 
16335 7812 
16530 7849 
16745 7859 
16785 7879 
17205 8195 
17585 8250 
17755 8355 
18070 8485 
18400 8615 
18410 8771 
18390 8927 
18385 9084 
18380 9292 
18350 9500 
18405 9708 
18365 9966 
18370 10221 
18375 10476 
18380 10881 
18430 11286 
18440 11691 
18460 12097 
18430 12529 
18500 12824 
18495 13164 
18475 13466 
18460 13719 
16585 17017 
16555 17273 
16565 17474 
16550 17704 
16565 17932 
16540 18099 
[1:RL(XIN_XI)0:SIMPLE(IMPERIUS)]
490 490 
495 495 
540 540 
550 550 
650 650 
750 750 
1080 765 
1180 765 
1380 965 
1410 1165 
1610 1165 
1635 1420 
1648 1620 
1704 1920 
1904 1930 
2104 1930 
2444 2130 
2764 2430 
2999 2630 
3351 2800 
3651 3105 
3861 3290 
4071 3305 
4381 3300 
4691 3290 
5421 3305 
5466 3300 
5496 3300 
5601 3290 
5706 3305 
5814 3600 
5970 3590 
6126 3890 
6282 3915 
6877 4100 
7097 4100 
7302 4115 
7842 4105 
8142 4120 
8327 4895 
8592 4900 
9037 5345 
9312 5645 
9542 5605 
9857 5890 
10060 5905 
10411 5940 
10736 5960 
10887 6215 
11554 6655 
11879 6670 
12021 7655 
12242 7675 
12547 7630 
12705 7735 
13160 7735 
13365 7735 
13573 7780 
13879 7785 
14135 7800 
14390 7850 
15170 7835 
15576 7820 
[0:SIMPLE(XIN_XI)1:RL(IMPERIUS)]
490 440 
495 540 
505 550 
505 560 
508 900 
509 1495 
512 1565 
513 1765 
516 1910 
516 1920 
616 2120 
661 2330 
671 2670 
681 3120 
781 3155 
1031 3175 
1131 3665 
1132 3725 
1334 4020 
1534 4330 
1537 4645 
1737 4860 
1938 4905 
2138 5010 
2142 5115 
2342 5220 
2346 5775 
2546 5945 
2549 6110 
2849 6325 
2853 6555 
3243 7080 
3273 7275 
3293 7540 
3493 7940 
3868 8310 
4318 8770 
4328 9135 
4373 9525 
4393 10170 
4743 10550 
4790 10915 
4865 11340 
5116 11625 
5221 11890 
5531 12295 
5646 12895 
5801 13045 
6102 13405 
6257 13795 
6462 14120 
6468 14490 
6658 14855 
6913 15200 
6933 15620 
7079 15995 
7509 16350 
7614 16745 
7994 16995 
8549 17160 
8719 17530 
9389 17940 
9794 18380 
10009 18920 
10369 19480 
11204 19795 
20849 13190 
21419 13240 
[1:RL(XIN_XI)0:SIMPLE(IMPERIUS)]
490 490 
495 495 
540 540 
555 551 
655 651 
670 666 
670 957 
870 1057 
1070 1202 
1170 1227 
1410 1231 
1420 1431 
1520 1481 
1535 1821 
1835 2646 
1835 2846 
1835 3256 
2195 3281 
2210 4011 
2695 4161 
2405 4521 
2855 4911 
3055 5261 
3275 5301 
3475 6401 
3765 6511 
3975 6656 
3975 6906 
3975 7066 
3975 7271 
3975 8481 
3975 8771 
3975 9016 
3975 9501 
3975 10011 
3975 10376 
4165 11116 
4390 11506 
4415 12086 
4425 12676 
[0:SIMPLE(XIN_XI)1:RL(IMPERIUS)]
490 440 
495 540 
505 550 
505 560 
505 660 
605 1040 
650 1280 
660 1380 
760 1405 
1000 1455 
1200 1870 
1300 2070 
1304 2145 
1514 2375 
1526 2910 
1726 3210 
1730 4230 
1930 4270 
1932 4315 
2232 4360 
2432 4420 
2436 4630 
2636 4940 
2629 5055 
2829 5160 
3029 5290 
3041 5460 
3241 5625 
3241 5780 
3241 5995 
3241 6200 
3241 6405 
3241 6660 
3241 6915 
3656 7210 
3656 7860 
3656 8550 
3656 8905 
3656 9260 
3656 9615 
3656 10010 
4876 10375 
4876 10755 
4876 11170 
4876 11485 
5176 11785 
5476 12195 
5476 12465 
5496 12735 
5498 13145 
5533 13560 
5543 13965 
5553 14375 
5588 14745 
5598 15345 
5609 16160 
5929 16535 
5969 16875 
5986 17140 
11952 13455 
12527 15635 
12737 15955 
16657 13385 
17197 13785 
17637 13810 
18117 14350 
18477 14515 
18842 14590 
19177 14715 
[1:RL(XIN_XI)0:SIMPLE(IMPERIUS)]
490 440 
495 540 
505 550 
505 561 
605 661 
650 672 
660 772 
760 1012 
1000 1492 
1200 1592 
1300 1647 
1310 1677 
1520 2222 
1520 2567 
1725 3067 
1925 3297 
2125 3897 
2125 4357 
2135 4492 
2135 4527 
2135 4822 
2510 4912 
2710 5137 
3640 5225 
3360 5980 
3660 6445 
3960 6555 
4260 7195 
4860 7475 
6880 7810 
6835 8047 
6845 8284 
6845 8519 
6880 9214 
6830 9664 
6825 10279 
6785 10709 
7200 11187 
7210 11587 
7215 12162 
7215 12725 
7220 13185 
7255 13985 
7270 15415 
7260 16285 
7330 16840 
7315 17845 
7730 18195 
7780 18637 
7885 19411 
8005 20141 
8145 20863 
8195 21684 
8480 22067 
8790 22299 
[0:SIMPLE(XIN_XI)1:RL(IMPERIUS)]
440 490 
540 490 
550 500 
560 503 
670 503 
770 603 
1020 888 
1400 893 
1460 948 
1660 959 
1680 1059 
1705 1114 
1905 1499 
3270 1699 
3305 1909 
3330 2154 
3350 2364 
3650 2579 
4200 2724 
4515 2759 
4690 2784 
4710 2989 
5015 3024 
5320 3294 
5330 3760 
5345 3780 
5985 3807 
6025 3842 
6310 3855 
6415 3890 
6530 4117 
6725 4330 
6865 4630 
7005 4930 
7215 5060 
7400 5190 
7620 5631 
7880 5786 
8120 5942 
8330 6099 
[1:RL(XIN_XI)0:SIMPLE(IMPERIUS)]
490 490 
495 500 
540 500 
550 500 
561 605 
661 605 
901 605 
1001 705 
1201 750 
1301 765 
1317 965 
1657 965 
1682 1165 
1702 1365 
1902 1365 
2159 1765 
2374 1865 
3444 1865 
3655 2065 
3870 2365 
3910 2365 
3921 2425 
4236 2625 
4276 2825 
4801 2825 
4931 2825 
[0:SIMPLE(XIN_XI)1:RL(IMPERIUS)]
440 490 
540 495 
550 505 
650 790 
940 800 
1040 811 
1280 814 
1485 817 
1550 818 
1580 918 
1780 963 
1980 1063 
2090 1113 
2290 1593 
2500 1743 
2745 1803 
3635 2003 
3655 2263 
3680 2473 
3980 2518 
4280 2728 
4310 2948 
4405 3148 
4710 3208 
4895 3221 
4950 3448 
5140 3898 
5195 4171 
5495 4199 
5495 4209 
5495 4245 
6290 4257 
6385 4268 
6890 4313 
6970 4324 
7125 4625 
[1:RL(XIN_XI)0:SIMPLE(IMPERIUS)]
440 490 
540 495 
550 505 
561 505 
661 605 
811 650 
911 665 
927 765 
1267 765 
1467 965 
1667 1165 
1687 1165 
1712 1265 
1919 1665 
2121 1865 
2321 1865 
2671 2065 
2916 2365 
2941 2365 
3731 2565 
3831 2765 
4121 2765 
4801 2765 
5031 2765 
5266 2765 
5401 2765 
[0:SIMPLE(XIN_XI)1:RL(IMPERIUS)]
490 490 
495 495 
540 505 
550 506 
935 508 
1035 798 
1090 809 
1290 809 
1390 909 
1590 915 
1610 918 
2100 921 
2305 924 
2355 926 
2430 926 
2450 1071 
2520 1121 
2540 1321 
3635 1421 
3675 1621 
3915 1635 
3985 1835 
4305 1855 
4405 1965 
4690 1981 
5260 2391 
5380 2461 
5510 2761 
5625 2792 
6085 2708 
6440 2888 
6600 3088 
6825 3088 
6735 3383 
6965 3358 
7220 3733 
7475 3883 
7755 4323 
8160 4383 
8550 4843 
8950 4873 
9365 5183 
9850 5228 
10160 5428 
10500 5428 
10800 5523 
11095 5823 
11765 5838 
12180 5993 
12575 6098 
11115 9028 
11260 9483 
11480 9805 
11705 10332 
11075 12222 
8175 16715 
8365 17115 
8305 18465 
8815 19047 
9670 19679 
10340 20574 
10795 21282 
10990 22192 
11340 23067 
11925 23867 
12190 24657 
12240 25491 
12195 26311 
[1:RL(XIN_XI)0:SIMPLE(IMPERIUS)]
440 490 
540 500 
551 500 
651 600 
661 805 
761 905 
861 950 
1191 1050 
1261 1065 
1471 1065 
1811 1265 
2011 1465 
2042 1665 
2202 1665 
2682 1675 
3162 1875 
3222 1935 
3613 2235 
4378 2435 
4533 2635 
4703 2835 
4984 3340 
5484 3380 
5739 3400 
6059 3405 
6191 3415 
6631 3415 
6791 3685 
7186 3695 
7368 4155 
7535 4155 
7940 4455 
8180 4430 
8411 4415 
8668 4400 
9128 4415 
9398 4645 
9908 4945 
10366 5260 
10901 5515 
11461 5625 
12021 5570 
[0:SIMPLE(XIN_XI)1:RL(IMPERIUS)]
440 490 
540 495 
550 505 
650 795 
1030 805 
1080 805 
1280 905 
1300 911 
1500 913 
1530 917 
1740 919 
2165 923 
2220 926 
2345 929 
2375 932 
2890 934 
3890 1139 
3995 1339 
4110 1439 
4170 1639 
4990 1649 
5085 1859 
5605 1849 
[1:RL(XIN_XI)0:SIMPLE(IMPERIUS)]
490 490 
495 495 
540 505 
870 505 
1020 570 
1220 770 
1330 770 
1530 870 
1855 1110 
2020 1120 
2220 1320 
2465 1520 
2515 1720 
2880 1920 
3225 2120 
3355 2120 
3440 2130 
3725 2130 
4478 2525 
4813 3050 
5168 3250 
5573 3270 
5768 3770 
6243 3805 
6483 3830 
6673 3930 
7148 4330 
7465 4815 
7775 4865 
8068 5165 
8443 5145 
8853 5835 
9348 5850 
